InitialState -27  15  0.5
BBox         -30 -20 30 20
DistOneStep   0.5
Goal          20 -17 1.0
Obstacles 
600
-30.000000 -19.000000 1.000000
-29.000000 -19.000000 1.000000
-28.000000 -19.000000 1.000000
-27.000000 -19.000000 1.000000
-26.000000 -19.000000 1.000000
-25.000000 -19.000000 1.000000
-24.000000 -19.000000 1.000000
-23.000000 -19.000000 1.000000
-22.000000 -19.000000 1.000000
-21.000000 -19.000000 1.000000
-20.000000 -19.000000 1.000000
-19.000000 -19.000000 1.000000
-18.000000 -19.000000 1.000000
-17.000000 -19.000000 1.000000
-16.000000 -19.000000 1.000000
-15.000000 -19.000000 1.000000
-14.000000 -19.000000 1.000000
-13.000000 -19.000000 1.000000
-12.000000 -19.000000 1.000000
-11.000000 -19.000000 1.000000
-10.000000 -19.000000 1.000000
-9.000000 -19.000000 1.000000
-8.000000 -19.000000 1.000000
-7.000000 -19.000000 1.000000
-6.000000 -19.000000 1.000000
-5.000000 -19.000000 1.000000
-4.000000 -19.000000 1.000000
-3.000000 -19.000000 1.000000
-2.000000 -19.000000 1.000000
-1.000000 -19.000000 1.000000
0.000000 -19.000000 1.000000
1.000000 -19.000000 1.000000
2.000000 -19.000000 1.000000
3.000000 -19.000000 1.000000
4.000000 -19.000000 1.000000
5.000000 -19.000000 1.000000
6.000000 -19.000000 1.000000
7.000000 -19.000000 1.000000
8.000000 -19.000000 1.000000
9.000000 -19.000000 1.000000
10.000000 -19.000000 1.000000
11.000000 -19.000000 1.000000
12.000000 -19.000000 1.000000
13.000000 -19.000000 1.000000
14.000000 -19.000000 1.000000
15.000000 -19.000000 1.000000
16.000000 -19.000000 1.000000
17.000000 -19.000000 1.000000
18.000000 -19.000000 1.000000
19.000000 -19.000000 1.000000
20.000000 -19.000000 1.000000
21.000000 -19.000000 1.000000
22.000000 -19.000000 1.000000
23.000000 -19.000000 1.000000
24.000000 -19.000000 1.000000
25.000000 -19.000000 1.000000
26.000000 -19.000000 1.000000
27.000000 -19.000000 1.000000
28.000000 -19.000000 1.000000
29.000000 -19.000000 1.000000
-22.692001 -14.980000 1.000000
-22.072001 -14.980000 1.000000
-23.002001 -15.050000 1.000000
-27.000000 -15.000000 1.000000
-26.000000 -15.000000 1.000000
-25.000000 -15.000000 1.000000
-24.000000 -15.000000 1.000000
-23.000000 -15.000000 1.000000
-22.000000 -15.000000 1.000000
-21.000000 -15.000000 1.000000
-20.000000 -15.000000 1.000000
-19.000000 -15.000000 1.000000
-18.000000 -15.000000 1.000000
-17.000000 -15.000000 1.000000
-16.000000 -15.000000 1.000000
-15.000000 -15.000000 1.000000
-14.000000 -15.000000 1.000000
-13.000000 -15.000000 1.000000
-12.000000 -15.000000 1.000000
-11.000000 -15.000000 1.000000
-10.000000 -15.000000 1.000000
-9.000000 -15.000000 1.000000
-8.000000 -15.000000 1.000000
-7.000000 -15.000000 1.000000
-6.000000 -15.000000 1.000000
-5.000000 -15.000000 1.000000
-4.000000 -15.000000 1.000000
-3.000000 -15.000000 1.000000
-2.000000 -15.000000 1.000000
-1.000000 -15.000000 1.000000
0.000000 -15.000000 1.000000
1.000000 -15.000000 1.000000
2.000000 -15.000000 1.000000
3.000000 -15.000000 1.000000
4.000000 -15.000000 1.000000
5.000000 -15.000000 1.000000
6.000000 -15.000000 1.000000
7.000000 -15.000000 1.000000
8.000000 -15.000000 1.000000
9.000000 -15.000000 1.000000
10.000000 -15.000000 1.000000
11.000000 -15.000000 1.000000
12.000000 -15.000000 1.000000
13.000000 -15.000000 1.000000
14.000000 -15.000000 1.000000
15.000000 -15.000000 1.000000
16.000000 -15.000000 1.000000
17.000000 -15.000000 1.000000
18.000000 -15.000000 1.000000
19.000000 -15.000000 1.000000
20.000000 -15.000000 1.000000
21.000000 -15.000000 1.000000
22.000000 -15.000000 1.000000
23.000000 -15.000000 1.000000
24.000000 -15.000000 1.000000
25.000000 -15.000000 1.000000
26.000000 -15.000000 1.000000
27.000000 -15.000000 1.000000
28.000000 -15.000000 1.000000
29.000000 -15.000000 1.000000
-30.000000 -11.000000 1.000000
-29.000000 -11.000000 1.000000
-28.000000 -11.000000 1.000000
-27.000000 -11.000000 1.000000
-26.000000 -11.000000 1.000000
-25.000000 -11.000000 1.000000
-24.000000 -11.000000 1.000000
-23.000000 -11.000000 1.000000
-22.000000 -11.000000 1.000000
-21.000000 -11.000000 1.000000
-20.000000 -11.000000 1.000000
-19.000000 -11.000000 1.000000
-18.000000 -11.000000 1.000000
-17.000000 -11.000000 1.000000
-16.000000 -11.000000 1.000000
-15.000000 -11.000000 1.000000
-14.000000 -11.000000 1.000000
-13.000000 -11.000000 1.000000
-12.000000 -11.000000 1.000000
-11.000000 -11.000000 1.000000
-10.000000 -11.000000 1.000000
-9.000000 -11.000000 1.000000
-8.000000 -11.000000 1.000000
-7.000000 -11.000000 1.000000
-6.000000 -11.000000 1.000000
-5.000000 -11.000000 1.000000
-4.000000 -11.000000 1.000000
-3.000000 -11.000000 1.000000
-2.000000 -11.000000 1.000000
-1.000000 -11.000000 1.000000
0.000000 -11.000000 1.000000
1.000000 -11.000000 1.000000
2.000000 -11.000000 1.000000
3.000000 -11.000000 1.000000
4.000000 -11.000000 1.000000
5.000000 -11.000000 1.000000
6.000000 -11.000000 1.000000
7.000000 -11.000000 1.000000
8.000000 -11.000000 1.000000
9.000000 -11.000000 1.000000
10.000000 -11.000000 1.000000
11.000000 -11.000000 1.000000
12.000000 -11.000000 1.000000
13.000000 -11.000000 1.000000
14.000000 -11.000000 1.000000
15.000000 -11.000000 1.000000
16.000000 -11.000000 1.000000
17.000000 -11.000000 1.000000
18.000000 -11.000000 1.000000
19.000000 -11.000000 1.000000
20.000000 -11.000000 1.000000
21.000000 -11.000000 1.000000
22.000000 -11.000000 1.000000
23.000000 -11.000000 1.000000
24.000000 -11.000000 1.000000
25.000000 -11.000000 1.000000
26.000000 -11.000000 1.000000
23.560001 -11.060000 1.000000
23.932001 -10.850000 1.000000
24.428001 -10.990000 1.000000
-26.164001 -7.070000 1.000000
-25.544001 -7.000000 1.000000
-25.544001 -6.930000 1.000000
-27.000000 -7.000000 1.000000
-26.000000 -7.000000 1.000000
-25.000000 -7.000000 1.000000
-24.000000 -7.000000 1.000000
-23.000000 -7.000000 1.000000
-22.000000 -7.000000 1.000000
-21.000000 -7.000000 1.000000
-20.000000 -7.000000 1.000000
-19.000000 -7.000000 1.000000
-18.000000 -7.000000 1.000000
-17.000000 -7.000000 1.000000
-16.000000 -7.000000 1.000000
-15.000000 -7.000000 1.000000
-14.000000 -7.000000 1.000000
-13.000000 -7.000000 1.000000
-12.000000 -7.000000 1.000000
-11.000000 -7.000000 1.000000
-10.000000 -7.000000 1.000000
-9.000000 -7.000000 1.000000
-8.000000 -7.000000 1.000000
-7.000000 -7.000000 1.000000
-6.000000 -7.000000 1.000000
-5.000000 -7.000000 1.000000
-4.000000 -7.000000 1.000000
-3.000000 -7.000000 1.000000
-2.000000 -7.000000 1.000000
-1.000000 -7.000000 1.000000
0.000000 -7.000000 1.000000
1.000000 -7.000000 1.000000
2.000000 -7.000000 1.000000
3.000000 -7.000000 1.000000
4.000000 -7.000000 1.000000
5.000000 -7.000000 1.000000
6.000000 -7.000000 1.000000
7.000000 -7.000000 1.000000
8.000000 -7.000000 1.000000
9.000000 -7.000000 1.000000
10.000000 -7.000000 1.000000
11.000000 -7.000000 1.000000
12.000000 -7.000000 1.000000
13.000000 -7.000000 1.000000
14.000000 -7.000000 1.000000
15.000000 -7.000000 1.000000
16.000000 -7.000000 1.000000
17.000000 -7.000000 1.000000
18.000000 -7.000000 1.000000
19.000000 -7.000000 1.000000
20.000000 -7.000000 1.000000
21.000000 -7.000000 1.000000
22.000000 -7.000000 1.000000
23.000000 -7.000000 1.000000
24.000000 -7.000000 1.000000
25.000000 -7.000000 1.000000
26.000000 -7.000000 1.000000
27.000000 -7.000000 1.000000
28.000000 -7.000000 1.000000
29.000000 -7.000000 1.000000
-29.884001 -3.010000 1.000000
-29.000000 -3.000000 1.000000
-28.000000 -3.000000 1.000000
-27.000000 -3.000000 1.000000
-26.000000 -3.000000 1.000000
-25.000000 -3.000000 1.000000
-24.000000 -3.000000 1.000000
-23.000000 -3.000000 1.000000
-22.000000 -3.000000 1.000000
-21.000000 -3.000000 1.000000
-20.000000 -3.000000 1.000000
-19.000000 -3.000000 1.000000
-18.000000 -3.000000 1.000000
-17.000000 -3.000000 1.000000
-16.000000 -3.000000 1.000000
-15.000000 -3.000000 1.000000
-14.000000 -3.000000 1.000000
-13.000000 -3.000000 1.000000
-12.000000 -3.000000 1.000000
-11.000000 -3.000000 1.000000
-10.000000 -3.000000 1.000000
-9.000000 -3.000000 1.000000
-8.000000 -3.000000 1.000000
-7.000000 -3.000000 1.000000
-6.000000 -3.000000 1.000000
-5.000000 -3.000000 1.000000
-4.000000 -3.000000 1.000000
-3.000000 -3.000000 1.000000
-2.000000 -3.000000 1.000000
-1.000000 -3.000000 1.000000
0.000000 -3.000000 1.000000
1.000000 -3.000000 1.000000
2.000000 -3.000000 1.000000
3.000000 -3.000000 1.000000
4.000000 -3.000000 1.000000
5.000000 -3.000000 1.000000
6.000000 -3.000000 1.000000
7.000000 -3.000000 1.000000
8.000000 -3.000000 1.000000
9.000000 -3.000000 1.000000
10.000000 -3.000000 1.000000
11.000000 -3.000000 1.000000
12.000000 -3.000000 1.000000
13.000000 -3.000000 1.000000
14.000000 -3.000000 1.000000
15.000000 -3.000000 1.000000
16.000000 -3.000000 1.000000
17.000000 -3.000000 1.000000
18.000000 -3.000000 1.000000
19.000000 -3.000000 1.000000
20.000000 -3.000000 1.000000
21.000000 -3.000000 1.000000
22.000000 -3.000000 1.000000
23.000000 -3.000000 1.000000
24.000000 -3.000000 1.000000
25.000000 -3.000000 1.000000
26.000000 -3.000000 1.000000
25.110001 -3.080000 1.000000
24.552001 -3.010000 1.000000
25.854001 -2.940000 1.000000
-25.606001 0.910000 1.000000
-25.172001 0.910000 1.000000
-25.110001 0.980000 1.000000
-27.000000 1.000000 1.000000
-26.000000 1.000000 1.000000
-25.000000 1.000000 1.000000
-24.000000 1.000000 1.000000
-23.000000 1.000000 1.000000
-22.000000 1.000000 1.000000
-21.000000 1.000000 1.000000
-20.000000 1.000000 1.000000
-19.000000 1.000000 1.000000
-18.000000 1.000000 1.000000
-17.000000 1.000000 1.000000
-16.000000 1.000000 1.000000
-15.000000 1.000000 1.000000
-14.000000 1.000000 1.000000
-13.000000 1.000000 1.000000
-12.000000 1.000000 1.000000
-11.000000 1.000000 1.000000
-10.000000 1.000000 1.000000
-9.000000 1.000000 1.000000
-8.000000 1.000000 1.000000
-7.000000 1.000000 1.000000
-6.000000 1.000000 1.000000
-5.000000 1.000000 1.000000
-4.000000 1.000000 1.000000
-3.000000 1.000000 1.000000
-2.000000 1.000000 1.000000
-1.000000 1.000000 1.000000
0.000000 1.000000 1.000000
1.000000 1.000000 1.000000
2.000000 1.000000 1.000000
3.000000 1.000000 1.000000
4.000000 1.000000 1.000000
5.000000 1.000000 1.000000
6.000000 1.000000 1.000000
7.000000 1.000000 1.000000
8.000000 1.000000 1.000000
9.000000 1.000000 1.000000
10.000000 1.000000 1.000000
11.000000 1.000000 1.000000
12.000000 1.000000 1.000000
13.000000 1.000000 1.000000
14.000000 1.000000 1.000000
15.000000 1.000000 1.000000
16.000000 1.000000 1.000000
17.000000 1.000000 1.000000
18.000000 1.000000 1.000000
19.000000 1.000000 1.000000
20.000000 1.000000 1.000000
21.000000 1.000000 1.000000
22.000000 1.000000 1.000000
23.000000 1.000000 1.000000
24.000000 1.000000 1.000000
25.000000 1.000000 1.000000
26.000000 1.000000 1.000000
27.000000 1.000000 1.000000
28.000000 1.000000 1.000000
29.000000 1.000000 1.000000
-30.000000 5.000000 1.000000
-29.000000 5.000000 1.000000
-28.000000 5.000000 1.000000
-27.000000 5.000000 1.000000
-26.000000 5.000000 1.000000
-25.000000 5.000000 1.000000
-24.000000 5.000000 1.000000
-23.000000 5.000000 1.000000
-22.000000 5.000000 1.000000
-21.000000 5.000000 1.000000
-20.000000 5.000000 1.000000
-19.000000 5.000000 1.000000
-18.000000 5.000000 1.000000
-17.000000 5.000000 1.000000
-16.000000 5.000000 1.000000
-15.000000 5.000000 1.000000
-14.000000 5.000000 1.000000
-13.000000 5.000000 1.000000
-12.000000 5.000000 1.000000
-11.000000 5.000000 1.000000
-10.000000 5.000000 1.000000
-9.000000 5.000000 1.000000
-8.000000 5.000000 1.000000
-7.000000 5.000000 1.000000
-6.000000 5.000000 1.000000
-5.000000 5.000000 1.000000
-4.000000 5.000000 1.000000
-3.000000 5.000000 1.000000
-2.000000 5.000000 1.000000
-1.000000 5.000000 1.000000
0.000000 5.000000 1.000000
1.000000 5.000000 1.000000
2.000000 5.000000 1.000000
3.000000 5.000000 1.000000
4.000000 5.000000 1.000000
5.000000 5.000000 1.000000
6.000000 5.000000 1.000000
7.000000 5.000000 1.000000
8.000000 5.000000 1.000000
9.000000 5.000000 1.000000
10.000000 5.000000 1.000000
11.000000 5.000000 1.000000
12.000000 5.000000 1.000000
13.000000 5.000000 1.000000
14.000000 5.000000 1.000000
15.000000 5.000000 1.000000
16.000000 5.000000 1.000000
17.000000 5.000000 1.000000
18.000000 5.000000 1.000000
19.000000 5.000000 1.000000
20.000000 5.000000 1.000000
21.000000 5.000000 1.000000
22.000000 5.000000 1.000000
23.000000 5.000000 1.000000
24.000000 5.000000 1.000000
25.000000 5.000000 1.000000
26.000000 5.000000 1.000000
27.000000 5.000000 1.000000
24.366001 5.250000 1.000000
25.668001 5.180000 1.000000
-24.304001 8.960000 1.000000
-25.358001 8.960000 1.000000
-24.738001 8.890000 1.000000
-27.000000 9.000000 1.000000
-26.000000 9.000000 1.000000
-25.000000 9.000000 1.000000
-24.000000 9.000000 1.000000
-23.000000 9.000000 1.000000
-22.000000 9.000000 1.000000
-21.000000 9.000000 1.000000
-20.000000 9.000000 1.000000
-19.000000 9.000000 1.000000
-18.000000 9.000000 1.000000
-17.000000 9.000000 1.000000
-16.000000 9.000000 1.000000
-15.000000 9.000000 1.000000
-14.000000 9.000000 1.000000
-13.000000 9.000000 1.000000
-12.000000 9.000000 1.000000
-11.000000 9.000000 1.000000
-10.000000 9.000000 1.000000
-9.000000 9.000000 1.000000
-8.000000 9.000000 1.000000
-7.000000 9.000000 1.000000
-6.000000 9.000000 1.000000
-5.000000 9.000000 1.000000
-4.000000 9.000000 1.000000
-3.000000 9.000000 1.000000
-2.000000 9.000000 1.000000
-1.000000 9.000000 1.000000
0.000000 9.000000 1.000000
1.000000 9.000000 1.000000
2.000000 9.000000 1.000000
3.000000 9.000000 1.000000
4.000000 9.000000 1.000000
5.000000 9.000000 1.000000
6.000000 9.000000 1.000000
7.000000 9.000000 1.000000
8.000000 9.000000 1.000000
9.000000 9.000000 1.000000
10.000000 9.000000 1.000000
11.000000 9.000000 1.000000
12.000000 9.000000 1.000000
13.000000 9.000000 1.000000
14.000000 9.000000 1.000000
15.000000 9.000000 1.000000
16.000000 9.000000 1.000000
17.000000 9.000000 1.000000
18.000000 9.000000 1.000000
19.000000 9.000000 1.000000
20.000000 9.000000 1.000000
21.000000 9.000000 1.000000
22.000000 9.000000 1.000000
23.000000 9.000000 1.000000
24.000000 9.000000 1.000000
25.000000 9.000000 1.000000
26.000000 9.000000 1.000000
27.000000 9.000000 1.000000
28.000000 9.000000 1.000000
29.000000 9.000000 1.000000
-30.000000 13.000000 1.000000
-29.000000 13.000000 1.000000
-28.000000 13.000000 1.000000
-27.000000 13.000000 1.000000
-26.000000 13.000000 1.000000
-25.000000 13.000000 1.000000
-24.000000 13.000000 1.000000
-23.000000 13.000000 1.000000
-22.000000 13.000000 1.000000
-21.000000 13.000000 1.000000
-20.000000 13.000000 1.000000
-19.000000 13.000000 1.000000
-18.000000 13.000000 1.000000
-17.000000 13.000000 1.000000
-16.000000 13.000000 1.000000
-15.000000 13.000000 1.000000
-14.000000 13.000000 1.000000
-13.000000 13.000000 1.000000
-12.000000 13.000000 1.000000
-11.000000 13.000000 1.000000
-10.000000 13.000000 1.000000
-9.000000 13.000000 1.000000
-8.000000 13.000000 1.000000
-7.000000 13.000000 1.000000
-6.000000 13.000000 1.000000
-5.000000 13.000000 1.000000
-4.000000 13.000000 1.000000
-3.000000 13.000000 1.000000
-2.000000 13.000000 1.000000
-1.000000 13.000000 1.000000
0.000000 13.000000 1.000000
1.000000 13.000000 1.000000
2.000000 13.000000 1.000000
3.000000 13.000000 1.000000
4.000000 13.000000 1.000000
5.000000 13.000000 1.000000
6.000000 13.000000 1.000000
7.000000 13.000000 1.000000
8.000000 13.000000 1.000000
9.000000 13.000000 1.000000
10.000000 13.000000 1.000000
11.000000 13.000000 1.000000
12.000000 13.000000 1.000000
13.000000 13.000000 1.000000
14.000000 13.000000 1.000000
15.000000 13.000000 1.000000
16.000000 13.000000 1.000000
17.000000 13.000000 1.000000
18.000000 13.000000 1.000000
19.000000 13.000000 1.000000
20.000000 13.000000 1.000000
21.000000 13.000000 1.000000
22.000000 13.000000 1.000000
23.000000 13.000000 1.000000
24.000000 13.000000 1.000000
25.000000 13.000000 1.000000
26.000000 13.000000 1.000000
24.180001 12.950000 1.000000
24.366001 13.020000 1.000000
23.870001 12.880000 1.000000
-30.000000 17.000000 1.000000
-29.000000 17.000000 1.000000
-28.000000 17.000000 1.000000
-27.000000 17.000000 1.000000
-26.000000 17.000000 1.000000
-25.000000 17.000000 1.000000
-24.000000 17.000000 1.000000
-23.000000 17.000000 1.000000
-22.000000 17.000000 1.000000
-21.000000 17.000000 1.000000
-20.000000 17.000000 1.000000
-19.000000 17.000000 1.000000
-18.000000 17.000000 1.000000
-17.000000 17.000000 1.000000
-16.000000 17.000000 1.000000
-15.000000 17.000000 1.000000
-14.000000 17.000000 1.000000
-13.000000 17.000000 1.000000
-12.000000 17.000000 1.000000
-11.000000 17.000000 1.000000
-10.000000 17.000000 1.000000
-9.000000 17.000000 1.000000
-8.000000 17.000000 1.000000
-7.000000 17.000000 1.000000
-6.000000 17.000000 1.000000
-5.000000 17.000000 1.000000
-4.000000 17.000000 1.000000
-4.960000 17.080000 1.000000
4.216000 16.940000 1.000000
4.526000 17.010000 1.000000
4.526000 17.080000 1.000000
1.000000 17.000000 1.000000
2.000000 17.000000 1.000000
3.000000 17.000000 1.000000
4.000000 17.000000 1.000000
5.000000 17.000000 1.000000
6.000000 17.000000 1.000000
7.000000 17.000000 1.000000
8.000000 17.000000 1.000000
9.000000 17.000000 1.000000
10.000000 17.000000 1.000000
11.000000 17.000000 1.000000
12.000000 17.000000 1.000000
13.000000 17.000000 1.000000
14.000000 17.000000 1.000000
15.000000 17.000000 1.000000
16.000000 17.000000 1.000000
17.000000 17.000000 1.000000
18.000000 17.000000 1.000000
19.000000 17.000000 1.000000
20.000000 17.000000 1.000000
21.000000 17.000000 1.000000
22.000000 17.000000 1.000000
23.000000 17.000000 1.000000
24.000000 17.000000 1.000000
25.000000 17.000000 1.000000
26.000000 17.000000 1.000000
27.000000 17.000000 1.000000
28.000000 17.000000 1.000000
29.000000 17.000000 1.000000
