InitialState -27  15  0.25
BBox         -30 -20 30 20
DistOneStep   0.25
Goal          20 -15 0.5
Obstacles 
1242
-30.000000 -20.000000 0.500000
-29.000000 -20.000000 0.500000
-28.000000 -20.000000 0.500000
-27.000000 -20.000000 0.500000
-26.000000 -20.000000 0.500000
-25.000000 -20.000000 0.500000
-24.000000 -20.000000 0.500000
-23.000000 -20.000000 0.500000
-22.000000 -20.000000 0.500000
-21.000000 -20.000000 0.500000
-20.000000 -20.000000 0.500000
-19.000000 -20.000000 0.500000
-18.000000 -20.000000 0.500000
-17.000000 -20.000000 0.500000
-16.000000 -20.000000 0.500000
-15.000000 -20.000000 0.500000
-14.000000 -20.000000 0.500000
-13.000000 -20.000000 0.500000
-12.000000 -20.000000 0.500000
-11.000000 -20.000000 0.500000
-10.000000 -20.000000 0.500000
-9.000000 -20.000000 0.500000
-8.000000 -20.000000 0.500000
-7.000000 -20.000000 0.500000
-6.000000 -20.000000 0.500000
-5.000000 -20.000000 0.500000
-4.000000 -20.000000 0.500000
-3.000000 -20.000000 0.500000
-2.000000 -20.000000 0.500000
-1.000000 -20.000000 0.500000
0.000000 -20.000000 0.500000
1.000000 -20.000000 0.500000
2.000000 -20.000000 0.500000
3.000000 -20.000000 0.500000
4.000000 -20.000000 0.500000
5.000000 -20.000000 0.500000
6.000000 -20.000000 0.500000
7.000000 -20.000000 0.500000
8.000000 -20.000000 0.500000
9.000000 -20.000000 0.500000
10.000000 -20.000000 0.500000
11.000000 -20.000000 0.500000
12.000000 -20.000000 0.500000
13.000000 -20.000000 0.500000
14.000000 -20.000000 0.500000
15.000000 -20.000000 0.500000
16.000000 -20.000000 0.500000
17.000000 -20.000000 0.500000
18.000000 -20.000000 0.500000
19.000000 -20.000000 0.500000
20.000000 -20.000000 0.500000
21.000000 -20.000000 0.500000
22.000000 -20.000000 0.500000
23.000000 -20.000000 0.500000
24.000000 -20.000000 0.500000
25.000000 -20.000000 0.500000
26.000000 -20.000000 0.500000
27.000000 -20.000000 0.500000
28.000000 -20.000000 0.500000
29.000000 -20.000000 0.500000
30.000000 -20.000000 0.500000
31.000000 -20.000000 0.500000
-30.000000 -18.000000 0.500000
-29.000000 -18.000000 0.500000
-28.000000 -18.000000 0.500000
-27.000000 -18.000000 0.500000
-26.000000 -18.000000 0.500000
-25.000000 -18.000000 0.500000
-24.000000 -18.000000 0.500000
-23.000000 -18.000000 0.500000
-22.000000 -18.000000 0.500000
-21.000000 -18.000000 0.500000
-20.000000 -18.000000 0.500000
-19.000000 -18.000000 0.500000
-18.000000 -18.000000 0.500000
-17.000000 -18.000000 0.500000
-16.000000 -18.000000 0.500000
-15.000000 -18.000000 0.500000
-14.000000 -18.000000 0.500000
-13.000000 -18.000000 0.500000
-12.000000 -18.000000 0.500000
-11.000000 -18.000000 0.500000
-10.000000 -18.000000 0.500000
-9.000000 -18.000000 0.500000
-8.000000 -18.000000 0.500000
-7.000000 -18.000000 0.500000
-6.000000 -18.000000 0.500000
-5.000000 -18.000000 0.500000
-4.000000 -18.000000 0.500000
-3.000000 -18.000000 0.500000
-2.000000 -18.000000 0.500000
-1.000000 -18.000000 0.500000
0.000000 -18.000000 0.500000
1.000000 -18.000000 0.500000
2.000000 -18.000000 0.500000
3.000000 -18.000000 0.500000
4.000000 -18.000000 0.500000
5.000000 -18.000000 0.500000
6.000000 -18.000000 0.500000
7.000000 -18.000000 0.500000
8.000000 -18.000000 0.500000
9.000000 -18.000000 0.500000
10.000000 -18.000000 0.500000
11.000000 -18.000000 0.500000
12.000000 -18.000000 0.500000
13.000000 -18.000000 0.500000
14.000000 -18.000000 0.500000
15.000000 -18.000000 0.500000
16.000000 -18.000000 0.500000
17.000000 -18.000000 0.500000
18.000000 -18.000000 0.500000
19.000000 -18.000000 0.500000
20.000000 -18.000000 0.500000
21.000000 -18.000000 0.500000
22.000000 -18.000000 0.500000
23.000000 -18.000000 0.500000
24.000000 -18.000000 0.500000
25.000000 -18.000000 0.500000
26.000000 -18.000000 0.500000
30.752001 -17.290000 0.500000
30.938001 -16.940000 0.500000
29.000000 -18.000000 0.500000
30.000000 -18.000000 0.500000
31.000000 -18.000000 0.500000
-30.000000 -16.000000 0.500000
-30.380001 -15.330000 0.500000
-29.884001 -16.030000 0.500000
-27.000000 -16.000000 0.500000
-26.000000 -16.000000 0.500000
-25.000000 -16.000000 0.500000
-24.000000 -16.000000 0.500000
-23.000000 -16.000000 0.500000
-22.000000 -16.000000 0.500000
-21.000000 -16.000000 0.500000
-20.000000 -16.000000 0.500000
-19.000000 -16.000000 0.500000
-18.000000 -16.000000 0.500000
-17.000000 -16.000000 0.500000
-16.000000 -16.000000 0.500000
-15.000000 -16.000000 0.500000
-14.000000 -16.000000 0.500000
-13.000000 -16.000000 0.500000
-12.000000 -16.000000 0.500000
-11.000000 -16.000000 0.500000
-10.000000 -16.000000 0.500000
-9.000000 -16.000000 0.500000
-8.000000 -16.000000 0.500000
-7.000000 -16.000000 0.500000
-6.000000 -16.000000 0.500000
-5.000000 -16.000000 0.500000
-4.000000 -16.000000 0.500000
-3.000000 -16.000000 0.500000
-2.000000 -16.000000 0.500000
-1.000000 -16.000000 0.500000
0.000000 -16.000000 0.500000
1.000000 -16.000000 0.500000
2.000000 -16.000000 0.500000
3.000000 -16.000000 0.500000
4.000000 -16.000000 0.500000
5.000000 -16.000000 0.500000
6.000000 -16.000000 0.500000
7.000000 -16.000000 0.500000
8.000000 -16.000000 0.500000
9.000000 -16.000000 0.500000
10.000000 -16.000000 0.500000
11.000000 -16.000000 0.500000
12.000000 -16.000000 0.500000
13.000000 -16.000000 0.500000
14.000000 -16.000000 0.500000
15.000000 -16.000000 0.500000
16.000000 -16.000000 0.500000
17.000000 -16.000000 0.500000
18.000000 -16.000000 0.500000
19.000000 -16.000000 0.500000
20.000000 -16.000000 0.500000
21.000000 -16.000000 0.500000
22.000000 -16.000000 0.500000
23.000000 -16.000000 0.500000
24.000000 -16.000000 0.500000
25.000000 -16.000000 0.500000
26.000000 -16.000000 0.500000
27.000000 -16.000000 0.500000
28.000000 -16.000000 0.500000
29.000000 -16.000000 0.500000
30.000000 -16.000000 0.500000
31.000000 -16.000000 0.500000
-30.000000 -14.000000 0.500000
-29.000000 -14.000000 0.500000
-28.000000 -14.000000 0.500000
-27.000000 -14.000000 0.500000
-26.000000 -14.000000 0.500000
-25.000000 -14.000000 0.500000
-24.000000 -14.000000 0.500000
-23.000000 -14.000000 0.500000
-22.000000 -14.000000 0.500000
-21.000000 -14.000000 0.500000
-20.000000 -14.000000 0.500000
-19.000000 -14.000000 0.500000
-18.000000 -14.000000 0.500000
-17.000000 -14.000000 0.500000
-16.000000 -14.000000 0.500000
-15.000000 -14.000000 0.500000
-14.000000 -14.000000 0.500000
-13.000000 -14.000000 0.500000
-12.000000 -14.000000 0.500000
-11.000000 -14.000000 0.500000
-10.000000 -14.000000 0.500000
-9.000000 -14.000000 0.500000
-8.000000 -14.000000 0.500000
-7.000000 -14.000000 0.500000
-6.000000 -14.000000 0.500000
-5.000000 -14.000000 0.500000
-4.000000 -14.000000 0.500000
-3.000000 -14.000000 0.500000
-2.000000 -14.000000 0.500000
-1.000000 -14.000000 0.500000
0.000000 -14.000000 0.500000
1.000000 -14.000000 0.500000
2.000000 -14.000000 0.500000
3.000000 -14.000000 0.500000
4.000000 -14.000000 0.500000
5.000000 -14.000000 0.500000
6.000000 -14.000000 0.500000
7.000000 -14.000000 0.500000
8.000000 -14.000000 0.500000
9.000000 -14.000000 0.500000
10.000000 -14.000000 0.500000
11.000000 -14.000000 0.500000
12.000000 -14.000000 0.500000
13.000000 -14.000000 0.500000
14.000000 -14.000000 0.500000
15.000000 -14.000000 0.500000
16.000000 -14.000000 0.500000
17.000000 -14.000000 0.500000
18.000000 -14.000000 0.500000
19.000000 -14.000000 0.500000
20.000000 -14.000000 0.500000
21.000000 -14.000000 0.500000
22.000000 -14.000000 0.500000
23.000000 -14.000000 0.500000
24.000000 -14.000000 0.500000
25.000000 -14.000000 0.500000
26.000000 -14.000000 0.500000
27.000000 -14.000000 0.500000
30.504001 -13.370000 0.500000
30.690001 -13.020000 0.500000
30.000000 -14.000000 0.500000
31.000000 -14.000000 0.500000
-30.000000 -12.000000 0.500000
-30.752001 -11.900000 0.500000
-30.566001 -11.480000 0.500000
-27.000000 -12.000000 0.500000
-26.000000 -12.000000 0.500000
-25.000000 -12.000000 0.500000
-24.000000 -12.000000 0.500000
-23.000000 -12.000000 0.500000
-22.000000 -12.000000 0.500000
-21.000000 -12.000000 0.500000
-20.000000 -12.000000 0.500000
-19.000000 -12.000000 0.500000
-18.000000 -12.000000 0.500000
-17.000000 -12.000000 0.500000
-16.000000 -12.000000 0.500000
-15.000000 -12.000000 0.500000
-14.000000 -12.000000 0.500000
-13.000000 -12.000000 0.500000
-12.000000 -12.000000 0.500000
-11.000000 -12.000000 0.500000
-10.000000 -12.000000 0.500000
-9.000000 -12.000000 0.500000
-8.000000 -12.000000 0.500000
-7.000000 -12.000000 0.500000
-6.000000 -12.000000 0.500000
-5.000000 -12.000000 0.500000
-4.000000 -12.000000 0.500000
-3.000000 -12.000000 0.500000
-2.000000 -12.000000 0.500000
-1.000000 -12.000000 0.500000
0.000000 -12.000000 0.500000
1.000000 -12.000000 0.500000
2.000000 -12.000000 0.500000
3.000000 -12.000000 0.500000
4.000000 -12.000000 0.500000
5.000000 -12.000000 0.500000
6.000000 -12.000000 0.500000
7.000000 -12.000000 0.500000
8.000000 -12.000000 0.500000
9.000000 -12.000000 0.500000
10.000000 -12.000000 0.500000
11.000000 -12.000000 0.500000
12.000000 -12.000000 0.500000
13.000000 -12.000000 0.500000
14.000000 -12.000000 0.500000
15.000000 -12.000000 0.500000
16.000000 -12.000000 0.500000
17.000000 -12.000000 0.500000
18.000000 -12.000000 0.500000
19.000000 -12.000000 0.500000
20.000000 -12.000000 0.500000
21.000000 -12.000000 0.500000
22.000000 -12.000000 0.500000
23.000000 -12.000000 0.500000
24.000000 -12.000000 0.500000
25.000000 -12.000000 0.500000
26.000000 -12.000000 0.500000
27.000000 -12.000000 0.500000
28.000000 -12.000000 0.500000
29.000000 -12.000000 0.500000
30.000000 -12.000000 0.500000
31.000000 -12.000000 0.500000
-30.000000 -10.000000 0.500000
-29.000000 -10.000000 0.500000
-28.000000 -10.000000 0.500000
-27.000000 -10.000000 0.500000
-26.000000 -10.000000 0.500000
-25.000000 -10.000000 0.500000
-24.000000 -10.000000 0.500000
-23.000000 -10.000000 0.500000
-22.000000 -10.000000 0.500000
-21.000000 -10.000000 0.500000
-20.000000 -10.000000 0.500000
-19.000000 -10.000000 0.500000
-18.000000 -10.000000 0.500000
-17.000000 -10.000000 0.500000
-16.000000 -10.000000 0.500000
-15.000000 -10.000000 0.500000
-14.000000 -10.000000 0.500000
-13.000000 -10.000000 0.500000
-12.000000 -10.000000 0.500000
-11.000000 -10.000000 0.500000
-10.000000 -10.000000 0.500000
-9.000000 -10.000000 0.500000
-8.000000 -10.000000 0.500000
-7.000000 -10.000000 0.500000
-6.000000 -10.000000 0.500000
-5.000000 -10.000000 0.500000
-4.000000 -10.000000 0.500000
-3.000000 -10.000000 0.500000
-2.000000 -10.000000 0.500000
-1.000000 -10.000000 0.500000
0.000000 -10.000000 0.500000
1.000000 -10.000000 0.500000
2.000000 -10.000000 0.500000
3.000000 -10.000000 0.500000
4.000000 -10.000000 0.500000
5.000000 -10.000000 0.500000
6.000000 -10.000000 0.500000
7.000000 -10.000000 0.500000
8.000000 -10.000000 0.500000
9.000000 -10.000000 0.500000
10.000000 -10.000000 0.500000
11.000000 -10.000000 0.500000
12.000000 -10.000000 0.500000
13.000000 -10.000000 0.500000
14.000000 -10.000000 0.500000
15.000000 -10.000000 0.500000
16.000000 -10.000000 0.500000
17.000000 -10.000000 0.500000
18.000000 -10.000000 0.500000
19.000000 -10.000000 0.500000
20.000000 -10.000000 0.500000
21.000000 -10.000000 0.500000
22.000000 -10.000000 0.500000
23.000000 -10.000000 0.500000
24.000000 -10.000000 0.500000
25.000000 -10.000000 0.500000
26.000000 -10.000000 0.500000
27.000000 -10.000000 0.500000
30.566001 -9.590000 0.500000
30.380001 -9.800000 0.500000
30.000000 -10.000000 0.500000
31.000000 -10.000000 0.500000
-30.000000 -8.000000 0.500000
-30.566001 -7.770000 0.500000
-30.814001 -7.420000 0.500000
-27.000000 -8.000000 0.500000
-26.000000 -8.000000 0.500000
-25.000000 -8.000000 0.500000
-24.000000 -8.000000 0.500000
-23.000000 -8.000000 0.500000
-22.000000 -8.000000 0.500000
-21.000000 -8.000000 0.500000
-20.000000 -8.000000 0.500000
-19.000000 -8.000000 0.500000
-18.000000 -8.000000 0.500000
-17.000000 -8.000000 0.500000
-16.000000 -8.000000 0.500000
-15.000000 -8.000000 0.500000
-14.000000 -8.000000 0.500000
-13.000000 -8.000000 0.500000
-12.000000 -8.000000 0.500000
-11.000000 -8.000000 0.500000
-10.000000 -8.000000 0.500000
-9.000000 -8.000000 0.500000
-8.000000 -8.000000 0.500000
-7.000000 -8.000000 0.500000
-6.000000 -8.000000 0.500000
-5.000000 -8.000000 0.500000
-4.000000 -8.000000 0.500000
-3.000000 -8.000000 0.500000
-2.000000 -8.000000 0.500000
-1.000000 -8.000000 0.500000
0.000000 -8.000000 0.500000
1.000000 -8.000000 0.500000
2.000000 -8.000000 0.500000
3.000000 -8.000000 0.500000
4.000000 -8.000000 0.500000
5.000000 -8.000000 0.500000
6.000000 -8.000000 0.500000
7.000000 -8.000000 0.500000
8.000000 -8.000000 0.500000
9.000000 -8.000000 0.500000
10.000000 -8.000000 0.500000
11.000000 -8.000000 0.500000
12.000000 -8.000000 0.500000
13.000000 -8.000000 0.500000
14.000000 -8.000000 0.500000
15.000000 -8.000000 0.500000
16.000000 -8.000000 0.500000
17.000000 -8.000000 0.500000
18.000000 -8.000000 0.500000
19.000000 -8.000000 0.500000
20.000000 -8.000000 0.500000
21.000000 -8.000000 0.500000
22.000000 -8.000000 0.500000
23.000000 -8.000000 0.500000
24.000000 -8.000000 0.500000
25.000000 -8.000000 0.500000
26.000000 -8.000000 0.500000
27.000000 -8.000000 0.500000
28.000000 -8.000000 0.500000
29.000000 -8.000000 0.500000
30.000000 -8.000000 0.500000
31.000000 -8.000000 0.500000
-30.000000 -6.000000 0.500000
-29.000000 -6.000000 0.500000
-28.000000 -6.000000 0.500000
-27.000000 -6.000000 0.500000
-26.000000 -6.000000 0.500000
-25.000000 -6.000000 0.500000
-24.000000 -6.000000 0.500000
-23.000000 -6.000000 0.500000
-22.000000 -6.000000 0.500000
-21.000000 -6.000000 0.500000
-20.000000 -6.000000 0.500000
-19.000000 -6.000000 0.500000
-18.000000 -6.000000 0.500000
-17.000000 -6.000000 0.500000
-16.000000 -6.000000 0.500000
-15.000000 -6.000000 0.500000
-14.000000 -6.000000 0.500000
-13.000000 -6.000000 0.500000
-12.000000 -6.000000 0.500000
-11.000000 -6.000000 0.500000
-10.000000 -6.000000 0.500000
-9.000000 -6.000000 0.500000
-8.000000 -6.000000 0.500000
-7.000000 -6.000000 0.500000
-6.000000 -6.000000 0.500000
-5.000000 -6.000000 0.500000
-4.000000 -6.000000 0.500000
-3.000000 -6.000000 0.500000
-2.000000 -6.000000 0.500000
-1.000000 -6.000000 0.500000
0.000000 -6.000000 0.500000
1.000000 -6.000000 0.500000
2.000000 -6.000000 0.500000
3.000000 -6.000000 0.500000
4.000000 -6.000000 0.500000
5.000000 -6.000000 0.500000
6.000000 -6.000000 0.500000
7.000000 -6.000000 0.500000
8.000000 -6.000000 0.500000
9.000000 -6.000000 0.500000
10.000000 -6.000000 0.500000
11.000000 -6.000000 0.500000
12.000000 -6.000000 0.500000
13.000000 -6.000000 0.500000
14.000000 -6.000000 0.500000
15.000000 -6.000000 0.500000
16.000000 -6.000000 0.500000
17.000000 -6.000000 0.500000
18.000000 -6.000000 0.500000
19.000000 -6.000000 0.500000
20.000000 -6.000000 0.500000
21.000000 -6.000000 0.500000
22.000000 -6.000000 0.500000
23.000000 -6.000000 0.500000
24.000000 -6.000000 0.500000
25.000000 -6.000000 0.500000
26.000000 -6.000000 0.500000
27.000000 -6.000000 0.500000
30.752001 -6.090000 0.500000
30.690001 -5.810000 0.500000
30.000000 -6.000000 0.500000
31.000000 -6.000000 0.500000
-30.000000 -4.000000 0.500000
-30.566001 -3.850000 0.500000
-29.946001 -3.850000 0.500000
-27.000000 -4.000000 0.500000
-26.000000 -4.000000 0.500000
-25.000000 -4.000000 0.500000
-24.000000 -4.000000 0.500000
-23.000000 -4.000000 0.500000
-22.000000 -4.000000 0.500000
-21.000000 -4.000000 0.500000
-20.000000 -4.000000 0.500000
-19.000000 -4.000000 0.500000
-18.000000 -4.000000 0.500000
-17.000000 -4.000000 0.500000
-16.000000 -4.000000 0.500000
-15.000000 -4.000000 0.500000
-14.000000 -4.000000 0.500000
-13.000000 -4.000000 0.500000
-12.000000 -4.000000 0.500000
-11.000000 -4.000000 0.500000
-10.000000 -4.000000 0.500000
-9.000000 -4.000000 0.500000
-8.000000 -4.000000 0.500000
-7.000000 -4.000000 0.500000
-6.000000 -4.000000 0.500000
-5.000000 -4.000000 0.500000
-4.000000 -4.000000 0.500000
-3.000000 -4.000000 0.500000
-2.000000 -4.000000 0.500000
-1.000000 -4.000000 0.500000
0.000000 -4.000000 0.500000
1.000000 -4.000000 0.500000
2.000000 -4.000000 0.500000
3.000000 -4.000000 0.500000
4.000000 -4.000000 0.500000
5.000000 -4.000000 0.500000
6.000000 -4.000000 0.500000
7.000000 -4.000000 0.500000
8.000000 -4.000000 0.500000
9.000000 -4.000000 0.500000
10.000000 -4.000000 0.500000
11.000000 -4.000000 0.500000
12.000000 -4.000000 0.500000
13.000000 -4.000000 0.500000
14.000000 -4.000000 0.500000
15.000000 -4.000000 0.500000
16.000000 -4.000000 0.500000
17.000000 -4.000000 0.500000
18.000000 -4.000000 0.500000
19.000000 -4.000000 0.500000
20.000000 -4.000000 0.500000
21.000000 -4.000000 0.500000
22.000000 -4.000000 0.500000
23.000000 -4.000000 0.500000
24.000000 -4.000000 0.500000
25.000000 -4.000000 0.500000
26.000000 -4.000000 0.500000
27.000000 -4.000000 0.500000
28.000000 -4.000000 0.500000
29.000000 -4.000000 0.500000
30.000000 -4.000000 0.500000
31.000000 -4.000000 0.500000
-30.000000 -2.000000 0.500000
-29.000000 -2.000000 0.500000
-28.000000 -2.000000 0.500000
-27.000000 -2.000000 0.500000
-26.000000 -2.000000 0.500000
-25.000000 -2.000000 0.500000
-24.000000 -2.000000 0.500000
-23.000000 -2.000000 0.500000
-22.000000 -2.000000 0.500000
-21.000000 -2.000000 0.500000
-20.000000 -2.000000 0.500000
-19.000000 -2.000000 0.500000
-18.000000 -2.000000 0.500000
-17.000000 -2.000000 0.500000
-16.000000 -2.000000 0.500000
-15.000000 -2.000000 0.500000
-14.000000 -2.000000 0.500000
-13.000000 -2.000000 0.500000
-12.000000 -2.000000 0.500000
-11.000000 -2.000000 0.500000
-10.000000 -2.000000 0.500000
-9.000000 -2.000000 0.500000
-8.000000 -2.000000 0.500000
-7.000000 -2.000000 0.500000
-6.000000 -2.000000 0.500000
-5.000000 -2.000000 0.500000
-4.000000 -2.000000 0.500000
-3.000000 -2.000000 0.500000
-2.000000 -2.000000 0.500000
-1.000000 -2.000000 0.500000
0.000000 -2.000000 0.500000
1.000000 -2.000000 0.500000
2.000000 -2.000000 0.500000
3.000000 -2.000000 0.500000
4.000000 -2.000000 0.500000
5.000000 -2.000000 0.500000
6.000000 -2.000000 0.500000
7.000000 -2.000000 0.500000
8.000000 -2.000000 0.500000
9.000000 -2.000000 0.500000
10.000000 -2.000000 0.500000
11.000000 -2.000000 0.500000
12.000000 -2.000000 0.500000
13.000000 -2.000000 0.500000
14.000000 -2.000000 0.500000
15.000000 -2.000000 0.500000
16.000000 -2.000000 0.500000
17.000000 -2.000000 0.500000
18.000000 -2.000000 0.500000
19.000000 -2.000000 0.500000
20.000000 -2.000000 0.500000
21.000000 -2.000000 0.500000
22.000000 -2.000000 0.500000
23.000000 -2.000000 0.500000
24.000000 -2.000000 0.500000
25.000000 -2.000000 0.500000
26.000000 -2.000000 0.500000
27.000000 -2.000000 0.500000
30.876001 -0.910000 0.500000
31.372001 -1.470000 0.500000
30.000000 -2.000000 0.500000
31.000000 -2.000000 0.500000
-30.000000 0.000000 0.500000
-30.814001 -0.070000 0.500000
-31.000001 -0.070000 0.500000
-27.000000 0.000000 0.500000
-26.000000 0.000000 0.500000
-25.000000 0.000000 0.500000
-24.000000 0.000000 0.500000
-23.000000 0.000000 0.500000
-22.000000 0.000000 0.500000
-21.000000 0.000000 0.500000
-20.000000 0.000000 0.500000
-19.000000 0.000000 0.500000
-18.000000 0.000000 0.500000
-17.000000 0.000000 0.500000
-16.000000 0.000000 0.500000
-15.000000 0.000000 0.500000
-14.000000 0.000000 0.500000
-13.000000 0.000000 0.500000
-12.000000 0.000000 0.500000
-11.000000 0.000000 0.500000
-10.000000 0.000000 0.500000
-9.000000 0.000000 0.500000
-8.000000 0.000000 0.500000
-7.000000 0.000000 0.500000
-6.000000 0.000000 0.500000
-5.000000 0.000000 0.500000
-4.000000 0.000000 0.500000
-3.000000 0.000000 0.500000
-2.000000 0.000000 0.500000
-1.000000 0.000000 0.500000
0.000000 0.000000 0.500000
1.000000 0.000000 0.500000
2.000000 0.000000 0.500000
3.000000 0.000000 0.500000
4.000000 0.000000 0.500000
5.000000 0.000000 0.500000
6.000000 0.000000 0.500000
7.000000 0.000000 0.500000
8.000000 0.000000 0.500000
9.000000 0.000000 0.500000
10.000000 0.000000 0.500000
11.000000 0.000000 0.500000
12.000000 0.000000 0.500000
13.000000 0.000000 0.500000
14.000000 0.000000 0.500000
15.000000 0.000000 0.500000
16.000000 0.000000 0.500000
17.000000 0.000000 0.500000
18.000000 0.000000 0.500000
19.000000 0.000000 0.500000
20.000000 0.000000 0.500000
21.000000 0.000000 0.500000
22.000000 0.000000 0.500000
23.000000 0.000000 0.500000
24.000000 0.000000 0.500000
25.000000 0.000000 0.500000
26.000000 0.000000 0.500000
27.000000 0.000000 0.500000
28.000000 0.000000 0.500000
29.000000 0.000000 0.500000
30.000000 0.000000 0.500000
31.000000 0.000000 0.500000
-30.000000 2.000000 0.500000
-29.000000 2.000000 0.500000
-28.000000 2.000000 0.500000
-27.000000 2.000000 0.500000
-26.000000 2.000000 0.500000
-25.000000 2.000000 0.500000
-24.000000 2.000000 0.500000
-23.000000 2.000000 0.500000
-22.000000 2.000000 0.500000
-21.000000 2.000000 0.500000
-20.000000 2.000000 0.500000
-19.000000 2.000000 0.500000
-18.000000 2.000000 0.500000
-17.000000 2.000000 0.500000
-16.000000 2.000000 0.500000
-15.000000 2.000000 0.500000
-14.000000 2.000000 0.500000
-13.000000 2.000000 0.500000
-12.000000 2.000000 0.500000
-11.000000 2.000000 0.500000
-10.000000 2.000000 0.500000
-9.000000 2.000000 0.500000
-8.000000 2.000000 0.500000
-7.000000 2.000000 0.500000
-6.000000 2.000000 0.500000
-5.000000 2.000000 0.500000
-4.000000 2.000000 0.500000
-3.000000 2.000000 0.500000
-2.000000 2.000000 0.500000
-1.000000 2.000000 0.500000
0.000000 2.000000 0.500000
1.000000 2.000000 0.500000
2.000000 2.000000 0.500000
3.000000 2.000000 0.500000
4.000000 2.000000 0.500000
5.000000 2.000000 0.500000
6.000000 2.000000 0.500000
7.000000 2.000000 0.500000
8.000000 2.000000 0.500000
9.000000 2.000000 0.500000
10.000000 2.000000 0.500000
11.000000 2.000000 0.500000
12.000000 2.000000 0.500000
13.000000 2.000000 0.500000
14.000000 2.000000 0.500000
15.000000 2.000000 0.500000
16.000000 2.000000 0.500000
17.000000 2.000000 0.500000
18.000000 2.000000 0.500000
19.000000 2.000000 0.500000
20.000000 2.000000 0.500000
21.000000 2.000000 0.500000
22.000000 2.000000 0.500000
23.000000 2.000000 0.500000
24.000000 2.000000 0.500000
25.000000 2.000000 0.500000
26.000000 2.000000 0.500000
31.062001 2.730000 0.500000
30.628001 3.080000 0.500000
29.000000 2.000000 0.500000
30.000000 2.000000 0.500000
31.000000 2.000000 0.500000
-30.000000 4.000000 0.500000
-30.628001 3.990000 0.500000
-31.000001 3.920000 0.500000
-27.000000 4.000000 0.500000
-26.000000 4.000000 0.500000
-25.000000 4.000000 0.500000
-24.000000 4.000000 0.500000
-23.000000 4.000000 0.500000
-22.000000 4.000000 0.500000
-21.000000 4.000000 0.500000
-20.000000 4.000000 0.500000
-19.000000 4.000000 0.500000
-18.000000 4.000000 0.500000
-17.000000 4.000000 0.500000
-16.000000 4.000000 0.500000
-15.000000 4.000000 0.500000
-14.000000 4.000000 0.500000
-13.000000 4.000000 0.500000
-12.000000 4.000000 0.500000
-11.000000 4.000000 0.500000
-10.000000 4.000000 0.500000
-9.000000 4.000000 0.500000
-8.000000 4.000000 0.500000
-7.000000 4.000000 0.500000
-6.000000 4.000000 0.500000
-5.000000 4.000000 0.500000
-4.000000 4.000000 0.500000
-3.000000 4.000000 0.500000
-2.000000 4.000000 0.500000
-1.000000 4.000000 0.500000
0.000000 4.000000 0.500000
1.000000 4.000000 0.500000
2.000000 4.000000 0.500000
3.000000 4.000000 0.500000
4.000000 4.000000 0.500000
5.000000 4.000000 0.500000
6.000000 4.000000 0.500000
7.000000 4.000000 0.500000
8.000000 4.000000 0.500000
9.000000 4.000000 0.500000
10.000000 4.000000 0.500000
11.000000 4.000000 0.500000
12.000000 4.000000 0.500000
13.000000 4.000000 0.500000
14.000000 4.000000 0.500000
15.000000 4.000000 0.500000
16.000000 4.000000 0.500000
17.000000 4.000000 0.500000
18.000000 4.000000 0.500000
19.000000 4.000000 0.500000
20.000000 4.000000 0.500000
21.000000 4.000000 0.500000
22.000000 4.000000 0.500000
23.000000 4.000000 0.500000
24.000000 4.000000 0.500000
25.000000 4.000000 0.500000
26.000000 4.000000 0.500000
27.000000 4.000000 0.500000
28.000000 4.000000 0.500000
29.000000 4.000000 0.500000
30.000000 4.000000 0.500000
31.000000 4.000000 0.500000
-30.000000 6.000000 0.500000
-29.000000 6.000000 0.500000
-28.000000 6.000000 0.500000
-27.000000 6.000000 0.500000
-26.000000 6.000000 0.500000
-25.000000 6.000000 0.500000
-24.000000 6.000000 0.500000
-23.000000 6.000000 0.500000
-22.000000 6.000000 0.500000
-21.000000 6.000000 0.500000
-20.000000 6.000000 0.500000
-19.000000 6.000000 0.500000
-18.000000 6.000000 0.500000
-17.000000 6.000000 0.500000
-16.000000 6.000000 0.500000
-15.000000 6.000000 0.500000
-14.000000 6.000000 0.500000
-13.000000 6.000000 0.500000
-12.000000 6.000000 0.500000
-11.000000 6.000000 0.500000
-10.000000 6.000000 0.500000
-9.000000 6.000000 0.500000
-8.000000 6.000000 0.500000
-7.000000 6.000000 0.500000
-6.000000 6.000000 0.500000
-5.000000 6.000000 0.500000
-4.000000 6.000000 0.500000
-3.000000 6.000000 0.500000
-2.000000 6.000000 0.500000
-1.000000 6.000000 0.500000
0.000000 6.000000 0.500000
1.000000 6.000000 0.500000
2.000000 6.000000 0.500000
3.000000 6.000000 0.500000
4.000000 6.000000 0.500000
5.000000 6.000000 0.500000
6.000000 6.000000 0.500000
7.000000 6.000000 0.500000
8.000000 6.000000 0.500000
9.000000 6.000000 0.500000
10.000000 6.000000 0.500000
11.000000 6.000000 0.500000
12.000000 6.000000 0.500000
13.000000 6.000000 0.500000
14.000000 6.000000 0.500000
15.000000 6.000000 0.500000
16.000000 6.000000 0.500000
17.000000 6.000000 0.500000
18.000000 6.000000 0.500000
19.000000 6.000000 0.500000
20.000000 6.000000 0.500000
21.000000 6.000000 0.500000
22.000000 6.000000 0.500000
23.000000 6.000000 0.500000
24.000000 6.000000 0.500000
25.000000 6.000000 0.500000
26.000000 6.000000 0.500000
30.256001 6.650000 0.500000
31.620001 6.510000 0.500000
29.000000 6.000000 0.500000
30.000000 6.000000 0.500000
31.000000 6.000000 0.500000
-30.000000 8.000000 0.500000
-30.380001 8.260000 0.500000
-29.884001 8.050000 0.500000
-27.000000 8.000000 0.500000
-26.000000 8.000000 0.500000
-25.000000 8.000000 0.500000
-24.000000 8.000000 0.500000
-23.000000 8.000000 0.500000
-22.000000 8.000000 0.500000
-21.000000 8.000000 0.500000
-20.000000 8.000000 0.500000
-19.000000 8.000000 0.500000
-18.000000 8.000000 0.500000
-17.000000 8.000000 0.500000
-16.000000 8.000000 0.500000
-15.000000 8.000000 0.500000
-14.000000 8.000000 0.500000
-13.000000 8.000000 0.500000
-12.000000 8.000000 0.500000
-11.000000 8.000000 0.500000
-10.000000 8.000000 0.500000
-9.000000 8.000000 0.500000
-8.000000 8.000000 0.500000
-7.000000 8.000000 0.500000
-6.000000 8.000000 0.500000
-5.000000 8.000000 0.500000
-4.000000 8.000000 0.500000
-3.000000 8.000000 0.500000
-2.000000 8.000000 0.500000
-1.000000 8.000000 0.500000
0.000000 8.000000 0.500000
1.000000 8.000000 0.500000
2.000000 8.000000 0.500000
3.000000 8.000000 0.500000
4.000000 8.000000 0.500000
5.000000 8.000000 0.500000
6.000000 8.000000 0.500000
7.000000 8.000000 0.500000
8.000000 8.000000 0.500000
9.000000 8.000000 0.500000
10.000000 8.000000 0.500000
11.000000 8.000000 0.500000
12.000000 8.000000 0.500000
13.000000 8.000000 0.500000
14.000000 8.000000 0.500000
15.000000 8.000000 0.500000
16.000000 8.000000 0.500000
17.000000 8.000000 0.500000
18.000000 8.000000 0.500000
19.000000 8.000000 0.500000
20.000000 8.000000 0.500000
21.000000 8.000000 0.500000
22.000000 8.000000 0.500000
23.000000 8.000000 0.500000
24.000000 8.000000 0.500000
25.000000 8.000000 0.500000
26.000000 8.000000 0.500000
27.000000 8.000000 0.500000
28.000000 8.000000 0.500000
29.000000 8.000000 0.500000
30.000000 8.000000 0.500000
31.000000 8.000000 0.500000
-30.000000 10.000000 0.500000
-29.000000 10.000000 0.500000
-28.000000 10.000000 0.500000
-27.000000 10.000000 0.500000
-26.000000 10.000000 0.500000
-25.000000 10.000000 0.500000
-24.000000 10.000000 0.500000
-23.000000 10.000000 0.500000
-22.000000 10.000000 0.500000
-21.000000 10.000000 0.500000
-20.000000 10.000000 0.500000
-19.000000 10.000000 0.500000
-18.000000 10.000000 0.500000
-17.000000 10.000000 0.500000
-16.000000 10.000000 0.500000
-15.000000 10.000000 0.500000
-14.000000 10.000000 0.500000
-13.000000 10.000000 0.500000
-12.000000 10.000000 0.500000
-11.000000 10.000000 0.500000
-10.000000 10.000000 0.500000
-9.000000 10.000000 0.500000
-8.000000 10.000000 0.500000
-7.000000 10.000000 0.500000
-6.000000 10.000000 0.500000
-5.000000 10.000000 0.500000
-4.000000 10.000000 0.500000
-3.000000 10.000000 0.500000
-2.000000 10.000000 0.500000
-1.000000 10.000000 0.500000
0.000000 10.000000 0.500000
1.000000 10.000000 0.500000
2.000000 10.000000 0.500000
3.000000 10.000000 0.500000
4.000000 10.000000 0.500000
5.000000 10.000000 0.500000
6.000000 10.000000 0.500000
7.000000 10.000000 0.500000
8.000000 10.000000 0.500000
9.000000 10.000000 0.500000
10.000000 10.000000 0.500000
11.000000 10.000000 0.500000
12.000000 10.000000 0.500000
13.000000 10.000000 0.500000
14.000000 10.000000 0.500000
15.000000 10.000000 0.500000
16.000000 10.000000 0.500000
17.000000 10.000000 0.500000
18.000000 10.000000 0.500000
19.000000 10.000000 0.500000
20.000000 10.000000 0.500000
21.000000 10.000000 0.500000
22.000000 10.000000 0.500000
23.000000 10.000000 0.500000
24.000000 10.000000 0.500000
25.000000 10.000000 0.500000
26.000000 10.000000 0.500000
30.008001 10.010000 0.500000
29.946001 10.080000 0.500000
29.000000 10.000000 0.500000
30.000000 10.000000 0.500000
31.000000 10.000000 0.500000
-30.000000 12.000000 0.500000
-30.194001 11.970000 0.500000
-30.380001 12.040000 0.500000
-27.000000 12.000000 0.500000
-26.000000 12.000000 0.500000
-25.000000 12.000000 0.500000
-24.000000 12.000000 0.500000
-23.000000 12.000000 0.500000
-22.000000 12.000000 0.500000
-21.000000 12.000000 0.500000
-20.000000 12.000000 0.500000
-19.000000 12.000000 0.500000
-18.000000 12.000000 0.500000
-17.000000 12.000000 0.500000
-16.000000 12.000000 0.500000
-15.000000 12.000000 0.500000
-14.000000 12.000000 0.500000
-13.000000 12.000000 0.500000
-12.000000 12.000000 0.500000
-11.000000 12.000000 0.500000
-10.000000 12.000000 0.500000
-9.000000 12.000000 0.500000
-8.000000 12.000000 0.500000
-7.000000 12.000000 0.500000
-6.000000 12.000000 0.500000
-5.000000 12.000000 0.500000
-4.000000 12.000000 0.500000
-3.000000 12.000000 0.500000
-2.000000 12.000000 0.500000
-1.000000 12.000000 0.500000
0.000000 12.000000 0.500000
1.000000 12.000000 0.500000
2.000000 12.000000 0.500000
3.000000 12.000000 0.500000
4.000000 12.000000 0.500000
5.000000 12.000000 0.500000
6.000000 12.000000 0.500000
7.000000 12.000000 0.500000
8.000000 12.000000 0.500000
9.000000 12.000000 0.500000
10.000000 12.000000 0.500000
11.000000 12.000000 0.500000
12.000000 12.000000 0.500000
13.000000 12.000000 0.500000
14.000000 12.000000 0.500000
15.000000 12.000000 0.500000
16.000000 12.000000 0.500000
17.000000 12.000000 0.500000
18.000000 12.000000 0.500000
19.000000 12.000000 0.500000
20.000000 12.000000 0.500000
21.000000 12.000000 0.500000
22.000000 12.000000 0.500000
23.000000 12.000000 0.500000
24.000000 12.000000 0.500000
25.000000 12.000000 0.500000
26.000000 12.000000 0.500000
27.000000 12.000000 0.500000
28.000000 12.000000 0.500000
29.000000 12.000000 0.500000
30.000000 12.000000 0.500000
31.000000 12.000000 0.500000
-30.000000 14.000000 0.500000
-29.000000 14.000000 0.500000
-28.000000 14.000000 0.500000
-27.000000 14.000000 0.500000
-26.000000 14.000000 0.500000
-25.000000 14.000000 0.500000
-24.000000 14.000000 0.500000
-23.000000 14.000000 0.500000
-22.000000 14.000000 0.500000
-21.000000 14.000000 0.500000
-20.000000 14.000000 0.500000
-19.000000 14.000000 0.500000
-18.000000 14.000000 0.500000
-17.000000 14.000000 0.500000
-16.000000 14.000000 0.500000
-15.000000 14.000000 0.500000
-14.000000 14.000000 0.500000
-13.000000 14.000000 0.500000
-12.000000 14.000000 0.500000
-11.000000 14.000000 0.500000
-10.000000 14.000000 0.500000
-9.000000 14.000000 0.500000
-8.000000 14.000000 0.500000
-7.000000 14.000000 0.500000
-6.000000 14.000000 0.500000
-5.000000 14.000000 0.500000
-4.000000 14.000000 0.500000
-3.000000 14.000000 0.500000
-2.000000 14.000000 0.500000
-1.000000 14.000000 0.500000
0.000000 14.000000 0.500000
1.000000 14.000000 0.500000
2.000000 14.000000 0.500000
3.000000 14.000000 0.500000
4.000000 14.000000 0.500000
5.000000 14.000000 0.500000
6.000000 14.000000 0.500000
7.000000 14.000000 0.500000
8.000000 14.000000 0.500000
9.000000 14.000000 0.500000
10.000000 14.000000 0.500000
11.000000 14.000000 0.500000
12.000000 14.000000 0.500000
13.000000 14.000000 0.500000
14.000000 14.000000 0.500000
15.000000 14.000000 0.500000
16.000000 14.000000 0.500000
17.000000 14.000000 0.500000
18.000000 14.000000 0.500000
19.000000 14.000000 0.500000
20.000000 14.000000 0.500000
21.000000 14.000000 0.500000
22.000000 14.000000 0.500000
23.000000 14.000000 0.500000
24.000000 14.000000 0.500000
25.000000 14.000000 0.500000
26.000000 14.000000 0.500000
27.000000 14.000000 0.500000
29.946001 14.000000 0.500000
30.318001 14.350000 0.500000
30.000000 14.000000 0.500000
31.000000 14.000000 0.500000
-30.000000 16.000000 0.500000
-30.566001 15.890000 0.500000
-30.504001 15.960000 0.500000
-27.000000 16.000000 0.500000
-26.000000 16.000000 0.500000
-25.000000 16.000000 0.500000
-24.000000 16.000000 0.500000
-23.000000 16.000000 0.500000
-22.000000 16.000000 0.500000
-21.000000 16.000000 0.500000
-20.000000 16.000000 0.500000
-19.000000 16.000000 0.500000
-18.000000 16.000000 0.500000
-17.000000 16.000000 0.500000
-16.000000 16.000000 0.500000
-15.000000 16.000000 0.500000
-14.000000 16.000000 0.500000
-13.000000 16.000000 0.500000
-12.000000 16.000000 0.500000
-11.000000 16.000000 0.500000
-10.000000 16.000000 0.500000
-9.000000 16.000000 0.500000
-8.000000 16.000000 0.500000
-7.000000 16.000000 0.500000
-6.000000 16.000000 0.500000
-5.000000 16.000000 0.500000
-4.000000 16.000000 0.500000
-3.000000 16.000000 0.500000
-2.000000 16.000000 0.500000
-1.000000 16.000000 0.500000
0.000000 16.000000 0.500000
1.000000 16.000000 0.500000
2.000000 16.000000 0.500000
3.000000 16.000000 0.500000
4.000000 16.000000 0.500000
5.000000 16.000000 0.500000
6.000000 16.000000 0.500000
7.000000 16.000000 0.500000
8.000000 16.000000 0.500000
9.000000 16.000000 0.500000
10.000000 16.000000 0.500000
11.000000 16.000000 0.500000
12.000000 16.000000 0.500000
13.000000 16.000000 0.500000
14.000000 16.000000 0.500000
15.000000 16.000000 0.500000
16.000000 16.000000 0.500000
17.000000 16.000000 0.500000
18.000000 16.000000 0.500000
19.000000 16.000000 0.500000
20.000000 16.000000 0.500000
21.000000 16.000000 0.500000
22.000000 16.000000 0.500000
23.000000 16.000000 0.500000
24.000000 16.000000 0.500000
25.000000 16.000000 0.500000
26.000000 16.000000 0.500000
27.000000 16.000000 0.500000
28.000000 16.000000 0.500000
29.000000 16.000000 0.500000
30.000000 16.000000 0.500000
31.000000 16.000000 0.500000
-30.000000 18.000000 0.500000
-29.000000 18.000000 0.500000
-28.000000 18.000000 0.500000
-27.000000 18.000000 0.500000
-26.000000 18.000000 0.500000
-25.000000 18.000000 0.500000
-24.000000 18.000000 0.500000
-23.000000 18.000000 0.500000
-22.000000 18.000000 0.500000
-21.000000 18.000000 0.500000
-20.000000 18.000000 0.500000
-19.000000 18.000000 0.500000
-18.000000 18.000000 0.500000
-17.000000 18.000000 0.500000
-16.000000 18.000000 0.500000
-15.000000 18.000000 0.500000
-14.000000 18.000000 0.500000
-13.000000 18.000000 0.500000
-12.000000 18.000000 0.500000
-11.000000 18.000000 0.500000
-10.000000 18.000000 0.500000
-9.000000 18.000000 0.500000
-8.000000 18.000000 0.500000
-7.000000 18.000000 0.500000
-6.000000 18.000000 0.500000
-5.000000 18.000000 0.500000
-4.000000 18.000000 0.500000
-3.000000 18.000000 0.500000
-2.000000 18.000000 0.500000
-1.000000 18.000000 0.500000
0.000000 18.000000 0.500000
1.000000 18.000000 0.500000
2.000000 18.000000 0.500000
3.000000 18.000000 0.500000
4.000000 18.000000 0.500000
5.000000 18.000000 0.500000
6.000000 18.000000 0.500000
7.000000 18.000000 0.500000
8.000000 18.000000 0.500000
9.000000 18.000000 0.500000
10.000000 18.000000 0.500000
11.000000 18.000000 0.500000
12.000000 18.000000 0.500000
13.000000 18.000000 0.500000
14.000000 18.000000 0.500000
15.000000 18.000000 0.500000
16.000000 18.000000 0.500000
17.000000 18.000000 0.500000
18.000000 18.000000 0.500000
19.000000 18.000000 0.500000
20.000000 18.000000 0.500000
21.000000 18.000000 0.500000
22.000000 18.000000 0.500000
23.000000 18.000000 0.500000
24.000000 18.000000 0.500000
25.000000 18.000000 0.500000
26.000000 18.000000 0.500000
30.008001 19.180000 0.500000
30.070001 18.480000 0.500000
29.000000 18.000000 0.500000
30.000000 18.000000 0.500000
31.000000 18.000000 0.500000
-31.000001 4.270000 1.000000
30.752001 -1.750000 1.000000
