InitialState -28  15  0.5
BBox         -30 -20 30 20
DistOneStep   0.5
Goal          28 -15 1.0
Obstacles 
600
-30.000000 -20.000000 1.000000
-26.040001 -13.860000 1.000000
-22.000000 -20.000000 1.000000
-17.918001 -13.160000 1.000000
-14.000000 -20.000000 1.000000
-10.044000 -14.490000 1.000000
-6.000000 -20.000000 1.000000
-1.984000 -15.120000 1.000000
2.000000 -20.000000 1.000000
5.952000 -12.600000 1.000000
10.000000 -20.000000 1.000000
14.012000 -13.930000 1.000000
18.000000 -20.000000 1.000000
22.010001 -14.420000 1.000000
26.000000 -20.000000 1.000000
-30.000000 -19.000000 1.000000
-25.978001 -14.700000 1.000000
-22.000000 -19.000000 1.000000
-18.042001 -13.230000 1.000000
-14.000000 -19.000000 1.000000
-9.920000 -14.490000 1.000000
-6.000000 -19.000000 1.000000
-2.108000 -13.860000 1.000000
2.000000 -19.000000 1.000000
5.890000 -13.370000 1.000000
10.000000 -19.000000 1.000000
13.950000 -12.600000 1.000000
18.000000 -19.000000 1.000000
22.072001 -13.370000 1.000000
26.000000 -19.000000 1.000000
-30.000000 -18.000000 1.000000
-25.792001 -13.790000 1.000000
-22.000000 -18.000000 1.000000
-18.104001 -15.470000 1.000000
-14.000000 -18.000000 1.000000
-10.044000 -14.490000 1.000000
-6.000000 -18.000000 1.000000
-1.922000 -13.020000 1.000000
2.000000 -18.000000 1.000000
6.076000 -14.000000 1.000000
10.000000 -18.000000 1.000000
13.950000 -13.440000 1.000000
18.000000 -18.000000 1.000000
21.948001 -12.810000 1.000000
26.000000 -18.000000 1.000000
-30.000000 -17.000000 1.000000
-26.000000 -17.000000 1.000000
-22.000000 -17.000000 1.000000
-18.000000 -17.000000 1.000000
-14.000000 -17.000000 1.000000
-10.000000 -17.000000 1.000000
-6.000000 -17.000000 1.000000
-2.000000 -17.000000 1.000000
2.000000 -17.000000 1.000000
6.000000 -17.000000 1.000000
10.000000 -17.000000 1.000000
14.000000 -17.000000 1.000000
18.000000 -17.000000 1.000000
22.000000 -17.000000 1.000000
26.000000 -17.000000 1.000000
-30.000000 -16.000000 1.000000
-26.000000 -16.000000 1.000000
-22.000000 -16.000000 1.000000
-18.000000 -16.000000 1.000000
-14.000000 -16.000000 1.000000
-10.000000 -16.000000 1.000000
-6.000000 -16.000000 1.000000
-2.000000 -16.000000 1.000000
2.000000 -16.000000 1.000000
6.000000 -16.000000 1.000000
10.000000 -16.000000 1.000000
14.000000 -16.000000 1.000000
18.000000 -16.000000 1.000000
22.000000 -16.000000 1.000000
26.000000 -16.000000 1.000000
-30.000000 -15.000000 1.000000
-26.000000 -15.000000 1.000000
-22.000000 -15.000000 1.000000
-18.000000 -15.000000 1.000000
-14.000000 -15.000000 1.000000
-10.000000 -15.000000 1.000000
-6.000000 -15.000000 1.000000
-2.000000 -15.000000 1.000000
2.000000 -15.000000 1.000000
6.000000 -15.000000 1.000000
10.000000 -15.000000 1.000000
14.000000 -15.000000 1.000000
18.000000 -15.000000 1.000000
22.000000 -15.000000 1.000000
26.000000 -15.000000 1.000000
-30.000000 -14.000000 1.000000
-26.000000 -14.000000 1.000000
-22.000000 -14.000000 1.000000
-18.000000 -14.000000 1.000000
-14.000000 -14.000000 1.000000
-10.000000 -14.000000 1.000000
-6.000000 -14.000000 1.000000
-2.000000 -14.000000 1.000000
2.000000 -14.000000 1.000000
6.000000 -14.000000 1.000000
10.000000 -14.000000 1.000000
14.000000 -14.000000 1.000000
18.000000 -14.000000 1.000000
22.000000 -14.000000 1.000000
26.000000 -14.000000 1.000000
-30.000000 -13.000000 1.000000
-26.000000 -13.000000 1.000000
-22.000000 -13.000000 1.000000
-18.000000 -13.000000 1.000000
-14.000000 -13.000000 1.000000
-10.000000 -13.000000 1.000000
-6.000000 -13.000000 1.000000
-2.000000 -13.000000 1.000000
2.000000 -13.000000 1.000000
6.000000 -13.000000 1.000000
10.000000 -13.000000 1.000000
14.000000 -13.000000 1.000000
18.000000 -13.000000 1.000000
22.000000 -13.000000 1.000000
26.000000 -13.000000 1.000000
-30.000000 -12.000000 1.000000
-26.000000 -12.000000 1.000000
-22.000000 -12.000000 1.000000
-18.000000 -12.000000 1.000000
-14.000000 -12.000000 1.000000
-10.000000 -12.000000 1.000000
-6.000000 -12.000000 1.000000
-2.000000 -12.000000 1.000000
2.000000 -12.000000 1.000000
6.000000 -12.000000 1.000000
10.000000 -12.000000 1.000000
14.000000 -12.000000 1.000000
18.000000 -12.000000 1.000000
22.000000 -12.000000 1.000000
26.000000 -12.000000 1.000000
-30.000000 -11.000000 1.000000
-26.000000 -11.000000 1.000000
-22.000000 -11.000000 1.000000
-18.000000 -11.000000 1.000000
-14.000000 -11.000000 1.000000
-10.000000 -11.000000 1.000000
-6.000000 -11.000000 1.000000
-2.000000 -11.000000 1.000000
2.000000 -11.000000 1.000000
6.000000 -11.000000 1.000000
10.000000 -11.000000 1.000000
14.000000 -11.000000 1.000000
18.000000 -11.000000 1.000000
22.000000 -11.000000 1.000000
26.000000 -11.000000 1.000000
-30.000000 -10.000000 1.000000
-26.000000 -10.000000 1.000000
-22.000000 -10.000000 1.000000
-18.000000 -10.000000 1.000000
-14.000000 -10.000000 1.000000
-10.000000 -10.000000 1.000000
-6.000000 -10.000000 1.000000
-2.000000 -10.000000 1.000000
2.000000 -10.000000 1.000000
6.000000 -10.000000 1.000000
10.000000 -10.000000 1.000000
14.000000 -10.000000 1.000000
18.000000 -10.000000 1.000000
22.000000 -10.000000 1.000000
26.000000 -10.000000 1.000000
-30.000000 -9.000000 1.000000
-26.000000 -9.000000 1.000000
-22.000000 -9.000000 1.000000
-18.000000 -9.000000 1.000000
-14.000000 -9.000000 1.000000
-10.000000 -9.000000 1.000000
-6.000000 -9.000000 1.000000
-2.000000 -9.000000 1.000000
2.000000 -9.000000 1.000000
6.000000 -9.000000 1.000000
10.000000 -9.000000 1.000000
14.000000 -9.000000 1.000000
18.000000 -9.000000 1.000000
22.000000 -9.000000 1.000000
26.000000 -9.000000 1.000000
-30.000000 -8.000000 1.000000
-26.000000 -8.000000 1.000000
-22.000000 -8.000000 1.000000
-18.000000 -8.000000 1.000000
-14.000000 -8.000000 1.000000
-10.000000 -8.000000 1.000000
-6.000000 -8.000000 1.000000
-2.000000 -8.000000 1.000000
2.000000 -8.000000 1.000000
6.000000 -8.000000 1.000000
10.000000 -8.000000 1.000000
14.000000 -8.000000 1.000000
18.000000 -8.000000 1.000000
22.000000 -8.000000 1.000000
26.000000 -8.000000 1.000000
-30.000000 -7.000000 1.000000
-26.000000 -7.000000 1.000000
-22.000000 -7.000000 1.000000
-18.000000 -7.000000 1.000000
-14.000000 -7.000000 1.000000
-10.000000 -7.000000 1.000000
-6.000000 -7.000000 1.000000
-2.000000 -7.000000 1.000000
2.000000 -7.000000 1.000000
6.000000 -7.000000 1.000000
10.000000 -7.000000 1.000000
14.000000 -7.000000 1.000000
18.000000 -7.000000 1.000000
22.000000 -7.000000 1.000000
26.000000 -7.000000 1.000000
-30.000000 -6.000000 1.000000
-26.000000 -6.000000 1.000000
-22.000000 -6.000000 1.000000
-18.000000 -6.000000 1.000000
-14.000000 -6.000000 1.000000
-10.000000 -6.000000 1.000000
-6.000000 -6.000000 1.000000
-2.000000 -6.000000 1.000000
2.000000 -6.000000 1.000000
6.000000 -6.000000 1.000000
10.000000 -6.000000 1.000000
14.000000 -6.000000 1.000000
18.000000 -6.000000 1.000000
22.000000 -6.000000 1.000000
26.000000 -6.000000 1.000000
-30.000000 -5.000000 1.000000
-26.000000 -5.000000 1.000000
-22.000000 -5.000000 1.000000
-18.000000 -5.000000 1.000000
-14.000000 -5.000000 1.000000
-10.000000 -5.000000 1.000000
-6.000000 -5.000000 1.000000
-2.000000 -5.000000 1.000000
2.000000 -5.000000 1.000000
6.000000 -5.000000 1.000000
10.000000 -5.000000 1.000000
14.000000 -5.000000 1.000000
18.000000 -5.000000 1.000000
22.000000 -5.000000 1.000000
26.000000 -5.000000 1.000000
-30.000000 -4.000000 1.000000
-26.000000 -4.000000 1.000000
-22.000000 -4.000000 1.000000
-18.000000 -4.000000 1.000000
-14.000000 -4.000000 1.000000
-10.000000 -4.000000 1.000000
-6.000000 -4.000000 1.000000
-2.000000 -4.000000 1.000000
2.000000 -4.000000 1.000000
6.000000 -4.000000 1.000000
10.000000 -4.000000 1.000000
14.000000 -4.000000 1.000000
18.000000 -4.000000 1.000000
22.000000 -4.000000 1.000000
26.000000 -4.000000 1.000000
-30.000000 -3.000000 1.000000
-26.000000 -3.000000 1.000000
-22.000000 -3.000000 1.000000
-18.000000 -3.000000 1.000000
-14.000000 -3.000000 1.000000
-10.000000 -3.000000 1.000000
-6.000000 -3.000000 1.000000
-2.000000 -3.000000 1.000000
2.000000 -3.000000 1.000000
6.000000 -3.000000 1.000000
10.000000 -3.000000 1.000000
14.000000 -3.000000 1.000000
18.000000 -3.000000 1.000000
22.000000 -3.000000 1.000000
26.000000 -3.000000 1.000000
-30.000000 -2.000000 1.000000
-26.000000 -2.000000 1.000000
-22.000000 -2.000000 1.000000
-18.000000 -2.000000 1.000000
-14.000000 -2.000000 1.000000
-10.000000 -2.000000 1.000000
-6.000000 -2.000000 1.000000
-2.000000 -2.000000 1.000000
2.000000 -2.000000 1.000000
6.000000 -2.000000 1.000000
10.000000 -2.000000 1.000000
14.000000 -2.000000 1.000000
18.000000 -2.000000 1.000000
22.000000 -2.000000 1.000000
26.000000 -2.000000 1.000000
-30.000000 -1.000000 1.000000
-26.000000 -1.000000 1.000000
-22.000000 -1.000000 1.000000
-18.000000 -1.000000 1.000000
-14.000000 -1.000000 1.000000
-10.000000 -1.000000 1.000000
-6.000000 -1.000000 1.000000
-2.000000 -1.000000 1.000000
2.000000 -1.000000 1.000000
6.000000 -1.000000 1.000000
10.000000 -1.000000 1.000000
14.000000 -1.000000 1.000000
18.000000 -1.000000 1.000000
22.000000 -1.000000 1.000000
26.000000 -1.000000 1.000000
-30.000000 0.000000 1.000000
-26.000000 0.000000 1.000000
-22.000000 0.000000 1.000000
-18.000000 0.000000 1.000000
-14.000000 0.000000 1.000000
-10.000000 0.000000 1.000000
-6.000000 0.000000 1.000000
-2.000000 0.000000 1.000000
2.000000 0.000000 1.000000
6.000000 0.000000 1.000000
10.000000 0.000000 1.000000
14.000000 0.000000 1.000000
18.000000 0.000000 1.000000
22.000000 0.000000 1.000000
26.000000 0.000000 1.000000
-30.000000 1.000000 1.000000
-26.000000 1.000000 1.000000
-22.000000 1.000000 1.000000
-18.000000 1.000000 1.000000
-14.000000 1.000000 1.000000
-10.000000 1.000000 1.000000
-6.000000 1.000000 1.000000
-2.000000 1.000000 1.000000
2.000000 1.000000 1.000000
6.000000 1.000000 1.000000
10.000000 1.000000 1.000000
14.000000 1.000000 1.000000
18.000000 1.000000 1.000000
22.000000 1.000000 1.000000
26.000000 1.000000 1.000000
-30.000000 2.000000 1.000000
-26.000000 2.000000 1.000000
-22.000000 2.000000 1.000000
-18.000000 2.000000 1.000000
-14.000000 2.000000 1.000000
-10.000000 2.000000 1.000000
-6.000000 2.000000 1.000000
-2.000000 2.000000 1.000000
2.000000 2.000000 1.000000
6.000000 2.000000 1.000000
10.000000 2.000000 1.000000
14.000000 2.000000 1.000000
18.000000 2.000000 1.000000
22.000000 2.000000 1.000000
26.000000 2.000000 1.000000
-30.000000 3.000000 1.000000
-26.000000 3.000000 1.000000
-22.000000 3.000000 1.000000
-18.000000 3.000000 1.000000
-14.000000 3.000000 1.000000
-10.000000 3.000000 1.000000
-6.000000 3.000000 1.000000
-2.000000 3.000000 1.000000
2.000000 3.000000 1.000000
6.000000 3.000000 1.000000
10.000000 3.000000 1.000000
14.000000 3.000000 1.000000
18.000000 3.000000 1.000000
22.000000 3.000000 1.000000
26.000000 3.000000 1.000000
-30.000000 4.000000 1.000000
-26.000000 4.000000 1.000000
-22.000000 4.000000 1.000000
-18.000000 4.000000 1.000000
-14.000000 4.000000 1.000000
-10.000000 4.000000 1.000000
-6.000000 4.000000 1.000000
-2.000000 4.000000 1.000000
2.000000 4.000000 1.000000
6.000000 4.000000 1.000000
10.000000 4.000000 1.000000
14.000000 4.000000 1.000000
18.000000 4.000000 1.000000
22.000000 4.000000 1.000000
26.000000 4.000000 1.000000
-30.000000 5.000000 1.000000
-26.000000 5.000000 1.000000
-22.000000 5.000000 1.000000
-18.000000 5.000000 1.000000
-14.000000 5.000000 1.000000
-10.000000 5.000000 1.000000
-6.000000 5.000000 1.000000
-2.000000 5.000000 1.000000
2.000000 5.000000 1.000000
6.000000 5.000000 1.000000
10.000000 5.000000 1.000000
14.000000 5.000000 1.000000
18.000000 5.000000 1.000000
22.000000 5.000000 1.000000
26.000000 5.000000 1.000000
-30.000000 6.000000 1.000000
-26.000000 6.000000 1.000000
-22.000000 6.000000 1.000000
-18.000000 6.000000 1.000000
-14.000000 6.000000 1.000000
-10.000000 6.000000 1.000000
-6.000000 6.000000 1.000000
-2.000000 6.000000 1.000000
2.000000 6.000000 1.000000
6.000000 6.000000 1.000000
10.000000 6.000000 1.000000
14.000000 6.000000 1.000000
18.000000 6.000000 1.000000
22.000000 6.000000 1.000000
26.000000 6.000000 1.000000
-30.000000 7.000000 1.000000
-26.000000 7.000000 1.000000
-22.000000 7.000000 1.000000
-18.000000 7.000000 1.000000
-14.000000 7.000000 1.000000
-10.000000 7.000000 1.000000
-6.000000 7.000000 1.000000
-2.000000 7.000000 1.000000
2.000000 7.000000 1.000000
6.000000 7.000000 1.000000
10.000000 7.000000 1.000000
14.000000 7.000000 1.000000
18.000000 7.000000 1.000000
22.000000 7.000000 1.000000
26.000000 7.000000 1.000000
-30.000000 8.000000 1.000000
-26.000000 8.000000 1.000000
-22.000000 8.000000 1.000000
-18.000000 8.000000 1.000000
-14.000000 8.000000 1.000000
-10.000000 8.000000 1.000000
-6.000000 8.000000 1.000000
-2.000000 8.000000 1.000000
2.000000 8.000000 1.000000
6.000000 8.000000 1.000000
10.000000 8.000000 1.000000
14.000000 8.000000 1.000000
18.000000 8.000000 1.000000
22.000000 8.000000 1.000000
26.000000 8.000000 1.000000
-30.000000 9.000000 1.000000
-26.000000 9.000000 1.000000
-22.000000 9.000000 1.000000
-18.000000 9.000000 1.000000
-14.000000 9.000000 1.000000
-10.000000 9.000000 1.000000
-6.000000 9.000000 1.000000
-2.000000 9.000000 1.000000
2.000000 9.000000 1.000000
6.000000 9.000000 1.000000
10.000000 9.000000 1.000000
14.000000 9.000000 1.000000
18.000000 9.000000 1.000000
22.000000 9.000000 1.000000
26.000000 9.000000 1.000000
-30.000000 10.000000 1.000000
-26.000000 10.000000 1.000000
-22.000000 10.000000 1.000000
-18.000000 10.000000 1.000000
-14.000000 10.000000 1.000000
-10.000000 10.000000 1.000000
-6.000000 10.000000 1.000000
-2.000000 10.000000 1.000000
2.000000 10.000000 1.000000
6.000000 10.000000 1.000000
10.000000 10.000000 1.000000
14.000000 10.000000 1.000000
18.000000 10.000000 1.000000
22.000000 10.000000 1.000000
26.000000 10.000000 1.000000
-30.000000 11.000000 1.000000
-26.000000 11.000000 1.000000
-22.000000 11.000000 1.000000
-18.000000 11.000000 1.000000
-14.000000 11.000000 1.000000
-10.000000 11.000000 1.000000
-6.000000 11.000000 1.000000
-2.000000 11.000000 1.000000
2.000000 11.000000 1.000000
6.000000 11.000000 1.000000
10.000000 11.000000 1.000000
14.000000 11.000000 1.000000
18.000000 11.000000 1.000000
22.000000 11.000000 1.000000
26.000000 11.000000 1.000000
-30.000000 12.000000 1.000000
-26.000000 12.000000 1.000000
-22.000000 12.000000 1.000000
-18.000000 12.000000 1.000000
-14.000000 12.000000 1.000000
-10.000000 12.000000 1.000000
-6.000000 12.000000 1.000000
-2.000000 12.000000 1.000000
2.000000 12.000000 1.000000
6.000000 12.000000 1.000000
10.000000 12.000000 1.000000
14.000000 12.000000 1.000000
18.000000 12.000000 1.000000
22.000000 12.000000 1.000000
26.000000 12.000000 1.000000
-30.000000 13.000000 1.000000
-26.000000 13.000000 1.000000
-22.000000 13.000000 1.000000
-18.000000 13.000000 1.000000
-14.000000 13.000000 1.000000
-10.000000 13.000000 1.000000
-5.952000 12.950000 1.000000
-2.000000 13.000000 1.000000
2.000000 13.000000 1.000000
6.000000 13.000000 1.000000
10.000000 13.000000 1.000000
14.000000 13.000000 1.000000
18.000000 13.000000 1.000000
22.000000 13.000000 1.000000
26.000000 13.000000 1.000000
-30.000000 14.000000 1.000000
-26.000000 14.000000 1.000000
-22.000000 14.000000 1.000000
-18.000000 14.000000 1.000000
-14.000000 14.000000 1.000000
-10.000000 14.000000 1.000000
-6.000000 14.000000 1.000000
-2.000000 14.000000 1.000000
2.000000 14.000000 1.000000
6.000000 14.000000 1.000000
9.920000 14.000000 1.000000
14.000000 14.000000 1.000000
18.000000 14.000000 1.000000
22.000000 14.000000 1.000000
26.000000 14.000000 1.000000
-30.000000 15.000000 1.000000
-26.000000 15.000000 1.000000
-22.000000 15.000000 1.000000
-18.000000 15.000000 1.000000
-14.000000 15.000000 1.000000
-10.000000 15.000000 1.000000
-6.000000 15.000000 1.000000
-2.000000 15.000000 1.000000
2.000000 15.000000 1.000000
6.000000 15.000000 1.000000
10.000000 15.000000 1.000000
14.000000 15.000000 1.000000
18.000000 15.000000 1.000000
22.000000 15.000000 1.000000
26.000000 15.000000 1.000000
-30.000000 16.000000 1.000000
-26.000000 16.000000 1.000000
-22.000000 16.000000 1.000000
-18.000000 16.000000 1.000000
-14.000000 16.000000 1.000000
-10.000000 16.000000 1.000000
-6.000000 16.000000 1.000000
-2.000000 16.000000 1.000000
2.000000 16.000000 1.000000
6.000000 16.000000 1.000000
10.000000 16.000000 1.000000
14.000000 16.000000 1.000000
18.000000 16.000000 1.000000
22.000000 16.000000 1.000000
26.000000 16.000000 1.000000
-30.000000 17.000000 1.000000
-26.000000 17.000000 1.000000
-22.000000 17.000000 1.000000
-18.000000 17.000000 1.000000
-14.000000 17.000000 1.000000
-10.000000 17.000000 1.000000
-6.000000 17.000000 1.000000
-2.000000 17.000000 1.000000
2.046000 11.970000 1.000000
6.000000 17.000000 1.000000
10.000000 17.000000 1.000000
14.000000 17.000000 1.000000
18.000000 17.000000 1.000000
22.000000 17.000000 1.000000
26.040001 14.350000 1.000000
-30.000000 18.000000 1.000000
-26.000000 18.000000 1.000000
-21.948001 15.120000 1.000000
-18.000000 18.000000 1.000000
-14.012000 14.700000 1.000000
-10.000000 18.000000 1.000000
-6.014000 11.620000 1.000000
-2.000000 18.000000 1.000000
2.108000 10.290000 1.000000
6.000000 18.000000 1.000000
10.168000 11.830000 1.000000
14.000000 18.000000 1.000000
18.104001 13.300000 1.000000
22.000000 18.000000 1.000000
25.916001 13.020000 1.000000
-30.000000 19.000000 1.000000
-26.000000 19.000000 1.000000
-21.886001 14.140000 1.000000
-18.000000 19.000000 1.000000
-14.074000 14.700000 1.000000
-10.000000 19.000000 1.000000
-5.952000 13.300000 1.000000
-2.000000 19.000000 1.000000
2.108000 12.460000 1.000000
6.000000 19.000000 1.000000
10.230000 14.350000 1.000000
14.000000 19.000000 1.000000
17.856001 14.770000 1.000000
22.000000 19.000000 1.000000
26.164001 14.840000 1.000000
