InitialState -27  15  0.25
BBox         -30 -20 30 20
DistOneStep   0.25
Goal          20 -15 1.0
Obstacles 
1203
-30.000000 -20.000000 0.500000
-27.962001 -16.870000 0.500000
-26.000000 -20.000000 0.500000
-24.000000 -20.000000 0.500000
-22.000000 -20.000000 0.500000
-20.000000 -20.000000 0.500000
-18.000000 -20.000000 0.500000
-16.000000 -20.000000 0.500000
-14.000000 -20.000000 0.500000
-12.000000 -20.000000 0.500000
-10.000000 -20.000000 0.500000
-8.000000 -20.000000 0.500000
-6.000000 -20.000000 0.500000
-4.000000 -20.000000 0.500000
-2.000000 -20.000000 0.500000
0.000000 -20.000000 0.500000
2.000000 -20.000000 0.500000
4.000000 -20.000000 0.500000
6.000000 -20.000000 0.500000
8.000000 -20.000000 0.500000
10.000000 -20.000000 0.500000
12.000000 -20.000000 0.500000
14.000000 -20.000000 0.500000
16.000000 -20.000000 0.500000
18.000000 -20.000000 0.500000
20.000000 -20.000000 0.500000
22.000000 -20.000000 0.500000
24.000000 -20.000000 0.500000
26.000000 -20.000000 0.500000
28.000000 -20.000000 0.500000
-30.000000 -19.000000 0.500000
-27.900001 -19.530000 0.500000
-26.000000 -19.000000 0.500000
-24.000000 -19.000000 0.500000
-22.000000 -19.000000 0.500000
-20.000000 -19.000000 0.500000
-18.000000 -19.000000 0.500000
-16.000000 -19.000000 0.500000
-14.000000 -19.000000 0.500000
-12.000000 -19.000000 0.500000
-10.000000 -19.000000 0.500000
-8.000000 -19.000000 0.500000
-6.000000 -19.000000 0.500000
-4.000000 -19.000000 0.500000
-2.000000 -19.000000 0.500000
0.000000 -19.000000 0.500000
2.000000 -19.000000 0.500000
4.000000 -19.000000 0.500000
6.000000 -19.000000 0.500000
7.998000 -19.670000 0.500000
10.000000 -19.000000 0.500000
12.000000 -19.000000 0.500000
14.000000 -19.000000 0.500000
16.000000 -19.000000 0.500000
18.000000 -19.000000 0.500000
20.000000 -19.000000 0.500000
22.000000 -19.000000 0.500000
24.000000 -19.000000 0.500000
26.000000 -19.000000 0.500000
28.000000 -19.000000 0.500000
-30.000000 -18.000000 0.500000
-27.714001 -20.580000 0.500000
-26.000000 -18.000000 0.500000
-23.994001 -19.110000 0.500000
-22.000000 -18.000000 0.500000
-20.000000 -18.000000 0.500000
-18.000000 -18.000000 0.500000
-16.000000 -18.000000 0.500000
-14.000000 -18.000000 0.500000
-11.780000 -20.020000 0.500000
-10.000000 -18.000000 0.500000
-8.000000 -18.000000 0.500000
-6.000000 -18.000000 0.500000
-4.030000 -20.160000 0.500000
-2.000000 -18.000000 0.500000
0.000000 -18.000000 0.500000
2.000000 -18.000000 0.500000
3.844000 -20.440000 0.500000
6.000000 -18.000000 0.500000
8.000000 -18.000000 0.500000
10.000000 -18.000000 0.500000
12.000000 -18.000000 0.500000
14.000000 -18.000000 0.500000
16.000000 -18.000000 0.500000
18.000000 -18.000000 0.500000
20.000000 -18.000000 0.500000
22.000000 -18.000000 0.500000
24.000000 -18.000000 0.500000
26.000000 -18.000000 0.500000
28.334001 -19.600000 0.500000
-30.000000 -17.000000 0.500000
-28.000000 -17.000000 0.500000
-26.000000 -17.000000 0.500000
-22.444001 -21.910000 0.500000
-22.000000 -17.000000 0.500000
-18.910001 -20.580000 0.500000
-18.000000 -17.000000 0.500000
-15.996000 -20.230000 0.500000
-14.000000 -17.000000 0.500000
-12.028000 -20.020000 0.500000
-10.000000 -17.000000 0.500000
-7.626000 -20.300000 0.500000
-6.000000 -17.000000 0.500000
-4.030000 -21.210000 0.500000
-2.000000 -17.000000 0.500000
0.434000 -20.860000 0.500000
2.000000 -17.000000 0.500000
4.030000 -21.070000 0.500000
6.000000 -17.000000 0.500000
8.122000 -20.370000 0.500000
10.000000 -17.000000 0.500000
12.276000 -20.300000 0.500000
14.000000 -17.000000 0.500000
15.748000 -20.440000 0.500000
18.000000 -17.000000 0.500000
19.902001 -20.370000 0.500000
22.000000 -17.000000 0.500000
24.304001 -20.650000 0.500000
26.000000 -17.000000 0.500000
28.582001 -20.440000 0.500000
-30.000000 -16.000000 0.500000
-28.000000 -16.000000 0.500000
-26.000000 -16.000000 0.500000
-24.000000 -16.000000 0.500000
-22.000000 -16.000000 0.500000
-18.848001 -21.490000 0.500000
-18.000000 -16.000000 0.500000
-15.934000 -20.790000 0.500000
-14.000000 -16.000000 0.500000
-12.000000 -16.000000 0.500000
-10.000000 -16.000000 0.500000
-7.936000 -19.670000 0.500000
-6.000000 -16.000000 0.500000
-4.000000 -16.000000 0.500000
-2.000000 -16.000000 0.500000
0.000000 -21.000000 0.500000
2.000000 -16.000000 0.500000
4.000000 -16.000000 0.500000
6.000000 -16.000000 0.500000
7.998000 -19.180000 0.500000
10.000000 -16.000000 0.500000
12.090000 -20.860000 0.500000
14.000000 -16.000000 0.500000
16.120000 -19.880000 0.500000
18.000000 -16.000000 0.500000
20.026001 -20.790000 0.500000
22.000000 -16.000000 0.500000
23.994001 -20.090000 0.500000
26.000000 -16.000000 0.500000
28.000000 -16.000000 0.500000
-30.000000 -15.000000 0.500000
-28.000000 -15.000000 0.500000
-26.000000 -15.000000 0.500000
-24.000000 -15.000000 0.500000
-22.000000 -15.000000 0.500000
-20.000000 -15.000000 0.500000
-18.000000 -15.000000 0.500000
-16.000000 -15.000000 0.500000
-14.000000 -15.000000 0.500000
-12.000000 -15.000000 0.500000
-10.000000 -15.000000 0.500000
-8.000000 -15.000000 0.500000
-6.000000 -15.000000 0.500000
-4.000000 -15.000000 0.500000
-2.000000 -15.000000 0.500000
0.000000 -15.000000 0.500000
2.000000 -15.000000 0.500000
4.000000 -15.000000 0.500000
6.000000 -15.000000 0.500000
8.000000 -15.000000 0.500000
10.000000 -15.000000 0.500000
12.000000 -15.000000 0.500000
14.000000 -15.000000 0.500000
16.000000 -15.000000 0.500000
18.000000 -15.000000 0.500000
20.000000 -15.000000 0.500000
22.000000 -15.000000 0.500000
24.000000 -15.000000 0.500000
26.000000 -15.000000 0.500000
28.000000 -15.000000 0.500000
-30.000000 -14.000000 0.500000
-28.000000 -14.000000 0.500000
-26.000000 -14.000000 0.500000
-24.000000 -14.000000 0.500000
-22.000000 -14.000000 0.500000
-20.000000 -14.000000 0.500000
-18.000000 -14.000000 0.500000
-16.000000 -14.000000 0.500000
-14.000000 -14.000000 0.500000
-12.000000 -14.000000 0.500000
-10.000000 -14.000000 0.500000
-8.000000 -14.000000 0.500000
-6.000000 -14.000000 0.500000
-4.000000 -14.000000 0.500000
-2.000000 -14.000000 0.500000
0.000000 -14.000000 0.500000
2.000000 -14.000000 0.500000
4.000000 -14.000000 0.500000
6.000000 -14.000000 0.500000
8.000000 -14.000000 0.500000
10.000000 -14.000000 0.500000
12.000000 -14.000000 0.500000
14.000000 -14.000000 0.500000
16.000000 -14.000000 0.500000
18.000000 -14.000000 0.500000
20.000000 -14.000000 0.500000
22.000000 -14.000000 0.500000
24.000000 -14.000000 0.500000
26.000000 -14.000000 0.500000
28.000000 -14.000000 0.500000
-30.000000 -13.000000 0.500000
-28.000000 -13.000000 0.500000
-26.000000 -13.000000 0.500000
-24.000000 -13.000000 0.500000
-22.000000 -13.000000 0.500000
-20.000000 -13.000000 0.500000
-18.000000 -13.000000 0.500000
-16.000000 -13.000000 0.500000
-14.000000 -13.000000 0.500000
-12.000000 -13.000000 0.500000
-10.000000 -13.000000 0.500000
-8.000000 -13.000000 0.500000
-6.000000 -13.000000 0.500000
-4.000000 -13.000000 0.500000
-2.000000 -13.000000 0.500000
0.000000 -13.000000 0.500000
2.000000 -13.000000 0.500000
4.000000 -13.000000 0.500000
6.000000 -13.000000 0.500000
8.000000 -13.000000 0.500000
10.000000 -13.000000 0.500000
12.000000 -13.000000 0.500000
14.000000 -13.000000 0.500000
16.000000 -13.000000 0.500000
18.000000 -13.000000 0.500000
20.000000 -13.000000 0.500000
22.000000 -13.000000 0.500000
24.000000 -13.000000 0.500000
26.000000 -13.000000 0.500000
28.000000 -13.000000 0.500000
-30.000000 -12.000000 0.500000
-28.000000 -12.000000 0.500000
-26.000000 -12.000000 0.500000
-24.000000 -12.000000 0.500000
-22.000000 -12.000000 0.500000
-20.000000 -12.000000 0.500000
-18.000000 -12.000000 0.500000
-16.000000 -12.000000 0.500000
-14.000000 -12.000000 0.500000
-12.000000 -12.000000 0.500000
-10.000000 -12.000000 0.500000
-8.000000 -12.000000 0.500000
-6.000000 -12.000000 0.500000
-4.000000 -12.000000 0.500000
-2.000000 -12.000000 0.500000
0.000000 -12.000000 0.500000
2.000000 -12.000000 0.500000
4.000000 -12.000000 0.500000
6.000000 -12.000000 0.500000
8.000000 -12.000000 0.500000
10.000000 -12.000000 0.500000
12.000000 -12.000000 0.500000
14.000000 -12.000000 0.500000
16.000000 -12.000000 0.500000
18.000000 -12.000000 0.500000
20.000000 -12.000000 0.500000
22.000000 -12.000000 0.500000
24.000000 -12.000000 0.500000
26.000000 -12.000000 0.500000
28.000000 -12.000000 0.500000
-30.000000 -11.000000 0.500000
-28.000000 -11.000000 0.500000
-26.000000 -11.000000 0.500000
-24.000000 -11.000000 0.500000
-22.000000 -11.000000 0.500000
-20.000000 -11.000000 0.500000
-18.000000 -11.000000 0.500000
-16.000000 -11.000000 0.500000
-14.000000 -11.000000 0.500000
-12.000000 -11.000000 0.500000
-10.000000 -11.000000 0.500000
-8.000000 -11.000000 0.500000
-6.000000 -11.000000 0.500000
-4.000000 -11.000000 0.500000
-2.000000 -11.000000 0.500000
0.000000 -11.000000 0.500000
2.000000 -11.000000 0.500000
4.000000 -11.000000 0.500000
6.000000 -11.000000 0.500000
8.000000 -11.000000 0.500000
10.000000 -11.000000 0.500000
12.000000 -11.000000 0.500000
14.000000 -11.000000 0.500000
16.000000 -11.000000 0.500000
18.000000 -11.000000 0.500000
20.000000 -11.000000 0.500000
22.000000 -11.000000 0.500000
24.000000 -11.000000 0.500000
26.000000 -11.000000 0.500000
28.000000 -11.000000 0.500000
-30.000000 -10.000000 0.500000
-28.000000 -10.000000 0.500000
-26.000000 -10.000000 0.500000
-24.000000 -10.000000 0.500000
-22.000000 -10.000000 0.500000
-20.000000 -10.000000 0.500000
-18.000000 -10.000000 0.500000
-16.000000 -10.000000 0.500000
-14.000000 -10.000000 0.500000
-12.000000 -10.000000 0.500000
-10.000000 -10.000000 0.500000
-8.000000 -10.000000 0.500000
-6.000000 -10.000000 0.500000
-4.000000 -10.000000 0.500000
-2.000000 -10.000000 0.500000
0.000000 -10.000000 0.500000
2.000000 -10.000000 0.500000
4.000000 -10.000000 0.500000
6.000000 -10.000000 0.500000
8.000000 -10.000000 0.500000
10.000000 -10.000000 0.500000
12.000000 -10.000000 0.500000
14.000000 -10.000000 0.500000
16.000000 -10.000000 0.500000
18.000000 -10.000000 0.500000
20.000000 -10.000000 0.500000
22.000000 -10.000000 0.500000
24.000000 -10.000000 0.500000
26.000000 -10.000000 0.500000
28.000000 -10.000000 0.500000
-30.000000 -9.000000 0.500000
-28.000000 -9.000000 0.500000
-26.000000 -9.000000 0.500000
-24.000000 -9.000000 0.500000
-22.000000 -9.000000 0.500000
-20.000000 -9.000000 0.500000
-18.000000 -9.000000 0.500000
-16.000000 -9.000000 0.500000
-14.000000 -9.000000 0.500000
-12.000000 -9.000000 0.500000
-10.000000 -9.000000 0.500000
-8.000000 -9.000000 0.500000
-6.000000 -9.000000 0.500000
-4.000000 -9.000000 0.500000
-2.000000 -9.000000 0.500000
0.000000 -9.000000 0.500000
2.000000 -9.000000 0.500000
4.000000 -9.000000 0.500000
6.000000 -9.000000 0.500000
8.000000 -9.000000 0.500000
10.000000 -9.000000 0.500000
12.000000 -9.000000 0.500000
14.000000 -9.000000 0.500000
16.000000 -9.000000 0.500000
18.000000 -9.000000 0.500000
20.000000 -9.000000 0.500000
22.000000 -9.000000 0.500000
24.000000 -9.000000 0.500000
26.000000 -9.000000 0.500000
28.000000 -9.000000 0.500000
-30.000000 -8.000000 0.500000
-28.000000 -8.000000 0.500000
-26.000000 -8.000000 0.500000
-24.000000 -8.000000 0.500000
-22.000000 -8.000000 0.500000
-20.000000 -8.000000 0.500000
-18.000000 -8.000000 0.500000
-16.000000 -8.000000 0.500000
-14.000000 -8.000000 0.500000
-12.000000 -8.000000 0.500000
-10.000000 -8.000000 0.500000
-8.000000 -8.000000 0.500000
-6.000000 -8.000000 0.500000
-4.000000 -8.000000 0.500000
-2.000000 -8.000000 0.500000
0.000000 -8.000000 0.500000
2.000000 -8.000000 0.500000
4.000000 -8.000000 0.500000
6.000000 -8.000000 0.500000
8.000000 -8.000000 0.500000
10.000000 -8.000000 0.500000
12.000000 -8.000000 0.500000
14.000000 -8.000000 0.500000
16.000000 -8.000000 0.500000
18.000000 -8.000000 0.500000
20.000000 -8.000000 0.500000
22.000000 -8.000000 0.500000
24.000000 -8.000000 0.500000
26.000000 -8.000000 0.500000
28.000000 -8.000000 0.500000
-30.000000 -7.000000 0.500000
-28.000000 -7.000000 0.500000
-26.000000 -7.000000 0.500000
-24.000000 -7.000000 0.500000
-22.000000 -7.000000 0.500000
-20.000000 -7.000000 0.500000
-18.000000 -7.000000 0.500000
-16.000000 -7.000000 0.500000
-14.000000 -7.000000 0.500000
-12.000000 -7.000000 0.500000
-10.000000 -7.000000 0.500000
-8.000000 -7.000000 0.500000
-6.000000 -7.000000 0.500000
-4.000000 -7.000000 0.500000
-2.000000 -7.000000 0.500000
0.000000 -7.000000 0.500000
2.000000 -7.000000 0.500000
4.000000 -7.000000 0.500000
6.000000 -7.000000 0.500000
8.000000 -7.000000 0.500000
10.000000 -7.000000 0.500000
12.000000 -7.000000 0.500000
14.000000 -7.000000 0.500000
16.000000 -7.000000 0.500000
18.000000 -7.000000 0.500000
20.000000 -7.000000 0.500000
22.000000 -7.000000 0.500000
24.000000 -7.000000 0.500000
26.000000 -7.000000 0.500000
28.000000 -7.000000 0.500000
-30.000000 -6.000000 0.500000
-28.000000 -6.000000 0.500000
-26.000000 -6.000000 0.500000
-24.000000 -6.000000 0.500000
-22.000000 -6.000000 0.500000
-20.000000 -6.000000 0.500000
-18.000000 -6.000000 0.500000
-16.000000 -6.000000 0.500000
-14.000000 -6.000000 0.500000
-12.000000 -6.000000 0.500000
-10.000000 -6.000000 0.500000
-8.000000 -6.000000 0.500000
-6.000000 -6.000000 0.500000
-4.000000 -6.000000 0.500000
-2.000000 -6.000000 0.500000
0.000000 -6.000000 0.500000
2.000000 -6.000000 0.500000
4.000000 -6.000000 0.500000
6.000000 -6.000000 0.500000
8.000000 -6.000000 0.500000
10.000000 -6.000000 0.500000
12.000000 -6.000000 0.500000
14.000000 -6.000000 0.500000
16.000000 -6.000000 0.500000
18.000000 -6.000000 0.500000
20.000000 -6.000000 0.500000
22.000000 -6.000000 0.500000
24.000000 -6.000000 0.500000
26.000000 -6.000000 0.500000
28.000000 -6.000000 0.500000
-30.000000 -5.000000 0.500000
-28.000000 -5.000000 0.500000
-26.000000 -5.000000 0.500000
-24.000000 -5.000000 0.500000
-22.000000 -5.000000 0.500000
-20.000000 -5.000000 0.500000
-18.000000 -5.000000 0.500000
-16.000000 -5.000000 0.500000
-14.000000 -5.000000 0.500000
-12.000000 -5.000000 0.500000
-10.000000 -5.000000 0.500000
-8.000000 -5.000000 0.500000
-6.000000 -5.000000 0.500000
-4.000000 -5.000000 0.500000
-2.000000 -5.000000 0.500000
0.000000 -5.000000 0.500000
2.000000 -5.000000 0.500000
4.000000 -5.000000 0.500000
6.000000 -5.000000 0.500000
8.000000 -5.000000 0.500000
10.000000 -5.000000 0.500000
12.000000 -5.000000 0.500000
14.000000 -5.000000 0.500000
16.000000 -5.000000 0.500000
18.000000 -5.000000 0.500000
20.000000 -5.000000 0.500000
22.000000 -5.000000 0.500000
24.000000 -5.000000 0.500000
26.000000 -5.000000 0.500000
28.000000 -5.000000 0.500000
-30.000000 -4.000000 0.500000
-28.000000 -4.000000 0.500000
-26.000000 -4.000000 0.500000
-24.000000 -4.000000 0.500000
-22.000000 -4.000000 0.500000
-20.000000 -4.000000 0.500000
-18.000000 -4.000000 0.500000
-16.000000 -4.000000 0.500000
-14.000000 -4.000000 0.500000
-12.000000 -4.000000 0.500000
-10.000000 -4.000000 0.500000
-8.000000 -4.000000 0.500000
-6.000000 -4.000000 0.500000
-4.000000 -4.000000 0.500000
-2.000000 -4.000000 0.500000
0.000000 -4.000000 0.500000
2.000000 -4.000000 0.500000
4.000000 -4.000000 0.500000
6.000000 -4.000000 0.500000
8.000000 -4.000000 0.500000
10.000000 -4.000000 0.500000
12.000000 -4.000000 0.500000
14.000000 -4.000000 0.500000
16.000000 -4.000000 0.500000
18.000000 -4.000000 0.500000
20.000000 -4.000000 0.500000
22.000000 -4.000000 0.500000
24.000000 -4.000000 0.500000
26.000000 -4.000000 0.500000
28.000000 -4.000000 0.500000
-30.000000 -3.000000 0.500000
-28.000000 -3.000000 0.500000
-26.000000 -3.000000 0.500000
-24.000000 -3.000000 0.500000
-22.000000 -3.000000 0.500000
-20.000000 -3.000000 0.500000
-18.000000 -3.000000 0.500000
-16.000000 -3.000000 0.500000
-14.000000 -3.000000 0.500000
-12.000000 -3.000000 0.500000
-10.000000 -3.000000 0.500000
-8.000000 -3.000000 0.500000
-6.000000 -3.000000 0.500000
-4.000000 -3.000000 0.500000
-2.000000 -3.000000 0.500000
0.000000 -3.000000 0.500000
2.000000 -3.000000 0.500000
4.000000 -3.000000 0.500000
6.000000 -3.000000 0.500000
8.000000 -3.000000 0.500000
10.000000 -3.000000 0.500000
12.000000 -3.000000 0.500000
14.000000 -3.000000 0.500000
16.000000 -3.000000 0.500000
18.000000 -3.000000 0.500000
20.000000 -3.000000 0.500000
22.000000 -3.000000 0.500000
24.000000 -3.000000 0.500000
26.000000 -3.000000 0.500000
28.000000 -3.000000 0.500000
-30.000000 -2.000000 0.500000
-28.000000 -2.000000 0.500000
-26.000000 -2.000000 0.500000
-24.000000 -2.000000 0.500000
-22.000000 -2.000000 0.500000
-20.000000 -2.000000 0.500000
-18.000000 -2.000000 0.500000
-16.000000 -2.000000 0.500000
-14.000000 -2.000000 0.500000
-12.000000 -2.000000 0.500000
-10.000000 -2.000000 0.500000
-8.000000 -2.000000 0.500000
-6.000000 -2.000000 0.500000
-4.000000 -2.000000 0.500000
-2.000000 -2.000000 0.500000
0.000000 -2.000000 0.500000
2.000000 -2.000000 0.500000
4.000000 -2.000000 0.500000
6.000000 -2.000000 0.500000
8.000000 -2.000000 0.500000
10.000000 -2.000000 0.500000
12.000000 -2.000000 0.500000
14.000000 -2.000000 0.500000
16.000000 -2.000000 0.500000
18.000000 -2.000000 0.500000
20.000000 -2.000000 0.500000
22.000000 -2.000000 0.500000
24.000000 -2.000000 0.500000
26.000000 -2.000000 0.500000
28.000000 -2.000000 0.500000
-30.000000 -1.000000 0.500000
-28.000000 -1.000000 0.500000
-26.000000 -1.000000 0.500000
-24.000000 -1.000000 0.500000
-22.000000 -1.000000 0.500000
-20.000000 -1.000000 0.500000
-18.000000 -1.000000 0.500000
-16.000000 -1.000000 0.500000
-14.000000 -1.000000 0.500000
-12.000000 -1.000000 0.500000
-10.000000 -1.000000 0.500000
-8.000000 -1.000000 0.500000
-6.000000 -1.000000 0.500000
-4.000000 -1.000000 0.500000
-2.000000 -1.000000 0.500000
0.000000 -1.000000 0.500000
2.000000 -1.000000 0.500000
4.000000 -1.000000 0.500000
6.000000 -1.000000 0.500000
8.000000 -1.000000 0.500000
10.000000 -1.000000 0.500000
12.000000 -1.000000 0.500000
14.000000 -1.000000 0.500000
16.000000 -1.000000 0.500000
18.000000 -1.000000 0.500000
20.000000 -1.000000 0.500000
22.000000 -1.000000 0.500000
24.000000 -1.000000 0.500000
26.000000 -1.000000 0.500000
28.000000 -1.000000 0.500000
-30.000000 0.000000 0.500000
-28.000000 0.000000 0.500000
-26.000000 0.000000 0.500000
-24.000000 0.000000 0.500000
-22.000000 0.000000 0.500000
-20.000000 0.000000 0.500000
-18.000000 0.000000 0.500000
-16.000000 0.000000 0.500000
-14.000000 0.000000 0.500000
-12.000000 0.000000 0.500000
-10.000000 0.000000 0.500000
-8.000000 0.000000 0.500000
-6.000000 0.000000 0.500000
-4.000000 0.000000 0.500000
-2.000000 0.000000 0.500000
0.000000 0.000000 0.500000
2.000000 0.000000 0.500000
4.000000 0.000000 0.500000
6.000000 0.000000 0.500000
8.000000 0.000000 0.500000
10.000000 0.000000 0.500000
12.000000 0.000000 0.500000
14.000000 0.000000 0.500000
16.000000 0.000000 0.500000
18.000000 0.000000 0.500000
20.000000 0.000000 0.500000
22.000000 0.000000 0.500000
24.000000 0.000000 0.500000
26.000000 0.000000 0.500000
28.000000 0.000000 0.500000
-30.000000 1.000000 0.500000
-28.000000 1.000000 0.500000
-26.000000 1.000000 0.500000
-24.000000 1.000000 0.500000
-22.000000 1.000000 0.500000
-20.000000 1.000000 0.500000
-18.000000 1.000000 0.500000
-16.000000 1.000000 0.500000
-14.000000 1.000000 0.500000
-12.000000 1.000000 0.500000
-10.000000 1.000000 0.500000
-8.000000 1.000000 0.500000
-6.000000 1.000000 0.500000
-4.000000 1.000000 0.500000
-2.000000 1.000000 0.500000
0.000000 1.000000 0.500000
2.000000 1.000000 0.500000
4.000000 1.000000 0.500000
6.000000 1.000000 0.500000
8.000000 1.000000 0.500000
10.000000 1.000000 0.500000
12.000000 1.000000 0.500000
14.000000 1.000000 0.500000
16.000000 1.000000 0.500000
18.000000 1.000000 0.500000
20.000000 1.000000 0.500000
22.000000 1.000000 0.500000
24.000000 1.000000 0.500000
26.000000 1.000000 0.500000
28.000000 1.000000 0.500000
-30.000000 2.000000 0.500000
-28.000000 2.000000 0.500000
-26.000000 2.000000 0.500000
-24.000000 2.000000 0.500000
-22.000000 2.000000 0.500000
-20.000000 2.000000 0.500000
-18.000000 2.000000 0.500000
-16.000000 2.000000 0.500000
-14.000000 2.000000 0.500000
-12.000000 2.000000 0.500000
-10.000000 2.000000 0.500000
-8.000000 2.000000 0.500000
-6.000000 2.000000 0.500000
-4.000000 2.000000 0.500000
-2.000000 2.000000 0.500000
0.000000 2.000000 0.500000
2.000000 2.000000 0.500000
4.000000 2.000000 0.500000
6.000000 2.000000 0.500000
8.000000 2.000000 0.500000
10.000000 2.000000 0.500000
12.000000 2.000000 0.500000
14.000000 2.000000 0.500000
16.000000 2.000000 0.500000
18.000000 2.000000 0.500000
20.000000 2.000000 0.500000
22.000000 2.000000 0.500000
24.000000 2.000000 0.500000
26.000000 2.000000 0.500000
28.000000 2.000000 0.500000
-30.000000 3.000000 0.500000
-28.000000 3.000000 0.500000
-26.000000 3.000000 0.500000
-24.000000 3.000000 0.500000
-22.000000 3.000000 0.500000
-20.000000 3.000000 0.500000
-18.000000 3.000000 0.500000
-16.000000 3.000000 0.500000
-14.000000 3.000000 0.500000
-12.000000 3.000000 0.500000
-10.000000 3.000000 0.500000
-8.000000 3.000000 0.500000
-6.000000 3.000000 0.500000
-4.000000 3.000000 0.500000
-2.000000 3.000000 0.500000
0.000000 3.000000 0.500000
2.000000 3.000000 0.500000
4.000000 3.000000 0.500000
6.000000 3.000000 0.500000
8.000000 3.000000 0.500000
10.000000 3.000000 0.500000
12.000000 3.000000 0.500000
14.000000 3.000000 0.500000
16.000000 3.000000 0.500000
18.000000 3.000000 0.500000
20.000000 3.000000 0.500000
22.000000 3.000000 0.500000
24.000000 3.000000 0.500000
26.000000 3.000000 0.500000
28.000000 3.000000 0.500000
-30.000000 4.000000 0.500000
-28.000000 4.000000 0.500000
-26.000000 4.000000 0.500000
-24.000000 4.000000 0.500000
-22.000000 4.000000 0.500000
-20.000000 4.000000 0.500000
-18.000000 4.000000 0.500000
-16.000000 4.000000 0.500000
-14.000000 4.000000 0.500000
-12.000000 4.000000 0.500000
-10.000000 4.000000 0.500000
-8.000000 4.000000 0.500000
-6.000000 4.000000 0.500000
-4.000000 4.000000 0.500000
-2.000000 4.000000 0.500000
0.000000 4.000000 0.500000
2.000000 4.000000 0.500000
4.000000 4.000000 0.500000
6.000000 4.000000 0.500000
8.000000 4.000000 0.500000
10.000000 4.000000 0.500000
12.000000 4.000000 0.500000
14.000000 4.000000 0.500000
16.000000 4.000000 0.500000
18.000000 4.000000 0.500000
20.000000 4.000000 0.500000
22.000000 4.000000 0.500000
24.000000 4.000000 0.500000
26.000000 4.000000 0.500000
28.000000 4.000000 0.500000
-30.000000 5.000000 0.500000
-28.000000 5.000000 0.500000
-26.000000 5.000000 0.500000
-24.000000 5.000000 0.500000
-22.000000 5.000000 0.500000
-20.000000 5.000000 0.500000
-18.000000 5.000000 0.500000
-16.000000 5.000000 0.500000
-14.000000 5.000000 0.500000
-12.000000 5.000000 0.500000
-10.000000 5.000000 0.500000
-8.000000 5.000000 0.500000
-6.000000 5.000000 0.500000
-4.000000 5.000000 0.500000
-2.000000 5.000000 0.500000
0.000000 5.000000 0.500000
2.000000 5.000000 0.500000
4.000000 5.000000 0.500000
6.000000 5.000000 0.500000
8.000000 5.000000 0.500000
10.000000 5.000000 0.500000
12.000000 5.000000 0.500000
14.000000 5.000000 0.500000
16.000000 5.000000 0.500000
18.000000 5.000000 0.500000
20.000000 5.000000 0.500000
22.000000 5.000000 0.500000
24.000000 5.000000 0.500000
26.000000 5.000000 0.500000
28.000000 5.000000 0.500000
-30.000000 6.000000 0.500000
-28.000000 6.000000 0.500000
-26.000000 6.000000 0.500000
-24.000000 6.000000 0.500000
-22.000000 6.000000 0.500000
-20.000000 6.000000 0.500000
-18.000000 6.000000 0.500000
-16.000000 6.000000 0.500000
-14.000000 6.000000 0.500000
-12.000000 6.000000 0.500000
-10.000000 6.000000 0.500000
-8.000000 6.000000 0.500000
-6.000000 6.000000 0.500000
-4.000000 6.000000 0.500000
-2.000000 6.000000 0.500000
0.000000 6.000000 0.500000
2.000000 6.000000 0.500000
4.000000 6.000000 0.500000
6.000000 6.000000 0.500000
8.000000 6.000000 0.500000
10.000000 6.000000 0.500000
12.000000 6.000000 0.500000
14.000000 6.000000 0.500000
16.000000 6.000000 0.500000
18.000000 6.000000 0.500000
20.000000 6.000000 0.500000
22.000000 6.000000 0.500000
24.000000 6.000000 0.500000
26.000000 6.000000 0.500000
28.000000 6.000000 0.500000
-30.000000 7.000000 0.500000
-28.000000 7.000000 0.500000
-26.000000 7.000000 0.500000
-24.000000 7.000000 0.500000
-22.000000 7.000000 0.500000
-20.000000 7.000000 0.500000
-18.000000 7.000000 0.500000
-16.000000 7.000000 0.500000
-14.000000 7.000000 0.500000
-12.000000 7.000000 0.500000
-10.000000 7.000000 0.500000
-8.000000 7.000000 0.500000
-6.000000 7.000000 0.500000
-4.000000 7.000000 0.500000
-2.000000 7.000000 0.500000
0.000000 7.000000 0.500000
2.000000 7.000000 0.500000
4.000000 7.000000 0.500000
6.000000 7.000000 0.500000
8.000000 7.000000 0.500000
10.000000 7.000000 0.500000
12.000000 7.000000 0.500000
14.000000 7.000000 0.500000
16.000000 7.000000 0.500000
18.000000 7.000000 0.500000
20.000000 7.000000 0.500000
22.000000 7.000000 0.500000
24.000000 7.000000 0.500000
26.000000 7.000000 0.500000
28.000000 7.000000 0.500000
-30.000000 8.000000 0.500000
-28.000000 8.000000 0.500000
-26.000000 8.000000 0.500000
-24.000000 8.000000 0.500000
-22.000000 8.000000 0.500000
-20.000000 8.000000 0.500000
-18.000000 8.000000 0.500000
-16.000000 8.000000 0.500000
-14.000000 8.000000 0.500000
-12.000000 8.000000 0.500000
-10.000000 8.000000 0.500000
-8.000000 8.000000 0.500000
-6.000000 8.000000 0.500000
-4.000000 8.000000 0.500000
-2.000000 8.000000 0.500000
0.000000 8.000000 0.500000
2.000000 8.000000 0.500000
4.000000 8.000000 0.500000
6.000000 8.000000 0.500000
8.000000 8.000000 0.500000
10.000000 8.000000 0.500000
12.000000 8.000000 0.500000
14.000000 8.000000 0.500000
16.000000 8.000000 0.500000
18.000000 8.000000 0.500000
20.000000 8.000000 0.500000
22.000000 8.000000 0.500000
24.000000 8.000000 0.500000
26.000000 8.000000 0.500000
28.000000 8.000000 0.500000
-30.000000 9.000000 0.500000
-28.000000 9.000000 0.500000
-26.000000 9.000000 0.500000
-24.000000 9.000000 0.500000
-22.000000 9.000000 0.500000
-20.000000 9.000000 0.500000
-18.000000 9.000000 0.500000
-16.000000 9.000000 0.500000
-14.000000 9.000000 0.500000
-12.000000 9.000000 0.500000
-10.000000 9.000000 0.500000
-8.000000 9.000000 0.500000
-6.000000 9.000000 0.500000
-4.000000 9.000000 0.500000
-2.000000 9.000000 0.500000
0.000000 9.000000 0.500000
2.000000 9.000000 0.500000
4.000000 9.000000 0.500000
6.000000 9.000000 0.500000
8.000000 9.000000 0.500000
10.000000 9.000000 0.500000
12.000000 9.000000 0.500000
14.000000 9.000000 0.500000
16.000000 9.000000 0.500000
18.000000 9.000000 0.500000
20.000000 9.000000 0.500000
22.000000 9.000000 0.500000
24.000000 9.000000 0.500000
26.000000 9.000000 0.500000
28.000000 9.000000 0.500000
-30.000000 10.000000 0.500000
-28.000000 10.000000 0.500000
-26.000000 10.000000 0.500000
-24.000000 10.000000 0.500000
-22.000000 10.000000 0.500000
-20.000000 10.000000 0.500000
-18.000000 10.000000 0.500000
-16.000000 10.000000 0.500000
-14.000000 10.000000 0.500000
-12.000000 10.000000 0.500000
-10.000000 10.000000 0.500000
-8.000000 10.000000 0.500000
-6.000000 10.000000 0.500000
-4.000000 10.000000 0.500000
-2.000000 10.000000 0.500000
0.000000 10.000000 0.500000
2.000000 10.000000 0.500000
4.000000 10.000000 0.500000
6.000000 10.000000 0.500000
8.000000 10.000000 0.500000
10.000000 10.000000 0.500000
12.000000 10.000000 0.500000
14.000000 10.000000 0.500000
16.000000 10.000000 0.500000
18.000000 10.000000 0.500000
20.000000 10.000000 0.500000
22.000000 10.000000 0.500000
24.000000 10.000000 0.500000
26.000000 10.000000 0.500000
28.000000 10.000000 0.500000
-30.000000 11.000000 0.500000
-28.000000 11.000000 0.500000
-26.000000 11.000000 0.500000
-24.000000 11.000000 0.500000
-22.000000 11.000000 0.500000
-20.000000 11.000000 0.500000
-18.000000 11.000000 0.500000
-16.000000 11.000000 0.500000
-14.000000 11.000000 0.500000
-12.000000 11.000000 0.500000
-10.000000 11.000000 0.500000
-8.000000 11.000000 0.500000
-6.000000 11.000000 0.500000
-4.000000 11.000000 0.500000
-2.000000 11.000000 0.500000
0.000000 11.000000 0.500000
2.000000 11.000000 0.500000
4.000000 11.000000 0.500000
6.000000 11.000000 0.500000
8.000000 11.000000 0.500000
10.000000 11.000000 0.500000
12.000000 11.000000 0.500000
14.000000 11.000000 0.500000
16.000000 11.000000 0.500000
18.000000 11.000000 0.500000
20.000000 11.000000 0.500000
22.000000 11.000000 0.500000
24.000000 11.000000 0.500000
26.000000 11.000000 0.500000
28.000000 11.000000 0.500000
-30.000000 12.000000 0.500000
-28.000000 12.000000 0.500000
-26.000000 12.000000 0.500000
-24.000000 12.000000 0.500000
-22.000000 12.000000 0.500000
-20.000000 12.000000 0.500000
-18.000000 12.000000 0.500000
-16.000000 12.000000 0.500000
-14.000000 12.000000 0.500000
-12.000000 12.000000 0.500000
-10.000000 12.000000 0.500000
-8.000000 12.000000 0.500000
-6.000000 12.000000 0.500000
-4.000000 12.000000 0.500000
-2.000000 12.000000 0.500000
0.000000 12.000000 0.500000
2.000000 12.000000 0.500000
4.000000 12.000000 0.500000
6.000000 12.000000 0.500000
8.000000 12.000000 0.500000
10.000000 12.000000 0.500000
12.000000 12.000000 0.500000
14.000000 12.000000 0.500000
16.000000 12.000000 0.500000
18.000000 12.000000 0.500000
20.000000 12.000000 0.500000
22.000000 12.000000 0.500000
24.000000 12.000000 0.500000
26.000000 12.000000 0.500000
28.000000 12.000000 0.500000
-30.000000 13.000000 0.500000
-28.000000 13.000000 0.500000
-26.000000 13.000000 0.500000
-24.000000 13.000000 0.500000
-22.000000 13.000000 0.500000
-20.000000 13.000000 0.500000
-18.000000 13.000000 0.500000
-16.000000 13.000000 0.500000
-14.000000 13.000000 0.500000
-12.000000 13.000000 0.500000
-10.000000 13.000000 0.500000
-8.000000 13.000000 0.500000
-6.000000 13.000000 0.500000
-4.000000 13.000000 0.500000
-2.000000 13.000000 0.500000
0.000000 13.000000 0.500000
2.000000 13.000000 0.500000
4.000000 13.000000 0.500000
6.000000 13.000000 0.500000
8.000000 13.000000 0.500000
10.000000 13.000000 0.500000
12.000000 13.000000 0.500000
14.000000 13.000000 0.500000
16.000000 13.000000 0.500000
18.000000 13.000000 0.500000
20.000000 13.000000 0.500000
22.000000 13.000000 0.500000
24.000000 13.000000 0.500000
26.000000 13.000000 0.500000
28.000000 13.000000 0.500000
-30.000000 14.000000 0.500000
-28.000000 14.000000 0.500000
-20.150001 21.000000 0.500000
-24.000000 14.000000 0.500000
-15.996000 20.860000 0.500000
-20.000000 14.000000 0.500000
-18.000000 14.000000 0.500000
-16.000000 14.000000 0.500000
-14.000000 14.000000 0.500000
-12.000000 14.000000 0.500000
-10.000000 14.000000 0.500000
-8.000000 14.000000 0.500000
-6.000000 14.000000 0.500000
-4.000000 14.000000 0.500000
-2.000000 14.000000 0.500000
0.000000 14.000000 0.500000
2.000000 14.000000 0.500000
4.000000 14.000000 0.500000
6.000000 14.000000 0.500000
8.000000 14.000000 0.500000
10.000000 14.000000 0.500000
12.000000 14.000000 0.500000
14.000000 14.000000 0.500000
16.000000 14.000000 0.500000
18.000000 14.000000 0.500000
20.000000 14.000000 0.500000
22.000000 14.000000 0.500000
24.000000 14.000000 0.500000
26.000000 14.000000 0.500000
28.000000 14.000000 0.500000
-30.000000 15.000000 0.500000
-28.000000 15.000000 0.500000
-25.420001 20.440000 0.500000
-24.000000 15.000000 0.500000
-14.694000 20.370000 0.500000
-20.000000 15.000000 0.500000
-18.000000 15.000000 0.500000
-16.000000 15.000000 0.500000
-14.000000 15.000000 0.500000
-12.000000 15.000000 0.500000
-10.000000 15.000000 0.500000
-8.000000 15.000000 0.500000
-6.000000 15.000000 0.500000
-4.000000 15.000000 0.500000
-2.000000 15.000000 0.500000
0.000000 15.000000 0.500000
2.000000 15.000000 0.500000
4.000000 15.000000 0.500000
6.000000 15.000000 0.500000
8.000000 15.000000 0.500000
10.000000 15.000000 0.500000
12.000000 15.000000 0.500000
14.000000 15.000000 0.500000
16.000000 15.000000 0.500000
18.000000 15.000000 0.500000
20.000000 15.000000 0.500000
22.000000 15.000000 0.500000
24.000000 15.000000 0.500000
26.000000 15.000000 0.500000
28.000000 15.000000 0.500000
-30.000000 16.000000 0.500000
-28.000000 16.000000 0.500000
-26.000000 16.000000 0.500000
-24.000000 16.000000 0.500000
-22.000000 16.000000 0.500000
-20.000000 16.000000 0.500000
-16.740000 19.740000 0.500000
-16.000000 16.000000 0.500000
-14.000000 16.000000 0.500000
-12.000000 16.000000 0.500000
-10.230000 19.950000 0.500000
-8.000000 16.000000 0.500000
-6.000000 16.000000 0.500000
-4.000000 16.000000 0.500000
0.062000 20.230000 0.500000
0.000000 16.000000 0.500000
2.542000 19.950000 0.500000
4.000000 16.000000 0.500000
6.076000 20.370000 0.500000
8.000000 16.000000 0.500000
9.858000 19.880000 0.500000
12.000000 16.000000 0.500000
14.000000 16.000000 0.500000
16.000000 16.000000 0.500000
17.918001 19.950000 0.500000
20.000000 16.000000 0.500000
22.258001 19.950000 0.500000
24.000000 16.000000 0.500000
26.102001 19.810000 0.500000
28.000000 16.000000 0.500000
-30.000000 17.000000 0.500000
-28.000000 17.000000 0.500000
-26.000000 17.000000 0.500000
-24.000000 17.000000 0.500000
-22.000000 17.000000 0.500000
-20.000000 17.000000 0.500000
-16.120000 19.530000 0.500000
-16.000000 17.000000 0.500000
-12.834000 20.230000 0.500000
-12.000000 17.000000 0.500000
-10.230000 20.300000 0.500000
-8.000000 17.000000 0.500000
-5.828000 19.880000 0.500000
-4.000000 17.000000 0.500000
-1.240000 20.160000 0.500000
0.000000 17.000000 0.500000
3.348000 19.600000 0.500000
4.000000 17.000000 0.500000
6.076000 20.510000 0.500000
8.000000 17.000000 0.500000
9.982000 19.810000 0.500000
12.000000 17.000000 0.500000
14.136000 19.810000 0.500000
16.000000 17.000000 0.500000
18.042001 19.670000 0.500000
20.000000 17.000000 0.500000
22.072001 19.810000 0.500000
24.000000 17.000000 0.500000
26.350001 20.580000 0.500000
28.000000 17.000000 0.500000
-30.000000 18.000000 0.500000
-28.000000 18.000000 0.500000
-26.000000 18.000000 0.500000
-24.000000 18.000000 0.500000
-22.000000 18.000000 0.500000
-20.000000 18.000000 0.500000
-18.000000 18.000000 0.500000
-16.000000 18.000000 0.500000
-12.710000 20.230000 0.500000
-12.000000 18.000000 0.500000
-10.000000 18.000000 0.500000
-8.000000 18.000000 0.500000
-5.890000 20.580000 0.500000
-4.000000 18.000000 0.500000
-2.000000 18.000000 0.500000
0.000000 18.000000 0.500000
2.000000 18.000000 0.500000
4.000000 18.000000 0.500000
6.000000 18.000000 0.500000
8.000000 18.000000 0.500000
10.000000 18.000000 0.500000
12.000000 18.000000 0.500000
13.950000 20.370000 0.500000
16.000000 18.000000 0.500000
18.000000 18.000000 0.500000
20.000000 18.000000 0.500000
22.000000 18.000000 0.500000
24.000000 18.000000 0.500000
26.000000 18.000000 0.500000
28.000000 18.000000 0.500000
-30.000000 19.000000 0.500000
-28.000000 19.000000 0.500000
-26.000000 19.000000 0.500000
-24.000000 19.000000 0.500000
-22.000000 19.000000 0.500000
-20.000000 19.000000 0.500000
-18.000000 19.000000 0.500000
-16.000000 19.000000 0.500000
-14.000000 19.000000 0.500000
-12.000000 19.000000 0.500000
-10.000000 19.000000 0.500000
-8.000000 19.000000 0.500000
-6.000000 19.000000 0.500000
-4.000000 19.000000 0.500000
-2.000000 19.000000 0.500000
0.000000 19.000000 0.500000
2.000000 19.000000 0.500000
4.000000 19.000000 0.500000
6.000000 19.000000 0.500000
8.000000 19.000000 0.500000
10.000000 19.000000 0.500000
12.000000 19.000000 0.500000
14.000000 19.000000 0.500000
16.000000 19.000000 0.500000
18.000000 19.000000 0.500000
20.000000 19.000000 0.500000
22.000000 19.000000 0.500000
24.000000 19.000000 0.500000
26.000000 19.000000 0.500000
28.000000 19.000000 0.500000
-20.522001 20.510000 1.000000
-4.030000 -21.210000 1.000000
3.286000 20.020000 1.000000
